84.53737644437933	-84.33614529203624	0.8117746710777283
84.9206390788313	-84.2346590901725	0.8083590269088745
85.45127872680314	-84.092691316735	0.7755857706069946
86.05775455723051	-83.87775601213798	0.761005163192749
86.40400699852034	-83.7771471850574	0.7425359487533569
86.74372104904614	-83.6595553313382	0.728209376335144
87.06610874412581	-83.50654018996283	0.7164720296859741
87.40518955502193	-83.29428280796856	0.7055380940437317
87.72040561970789	-83.04552639555186	0.6952569484710693
88.00679783080705	-82.84303463622928	0.691087007522583
88.47724918555468	-82.57435024902225	0.6897696256637573
88.99119571887422	-82.33137692511082	0.6608462333679199
89.41935733979335	-82.09813870303333	0.6517689228057861
89.83789829409216	-81.80285061756149	0.6479446887969971
90.26361851004185	-81.41058529634029	0.6367946863174438
90.6137161673978	-80.97717465180904	0.6301665306091309
90.84844211919699	-80.5620898171328	0.6303229331970215
91.03149418055546	-80.04784573288634	0.6414668560028076
91.17642215942033	-79.46916378848255	0.6442517638206482
91.29299167881254	-79.02263058675453	0.6468648910522461
91.4377441816032	-78.58674038620666	0.6524933576583862
91.62795261660358	-78.12451352225617	0.6587120294570923
91.86575321480632	-77.66017330996692	0.6732355356216431
92.15370182227343	-77.15229977620766	0.6614997386932373
92.4051132609602	-76.58046139776707	0.6623667478561401
92.56102756760083	-76.03797329682857	0.6701438426971436
92.63922886073124	-75.51763333193958	0.6762714385986328
92.69098667334765	-74.99871242977679	0.6844359040260315
92.77389530400978	-74.46431912202388	0.6925081610679626
92.79183201049455	-73.96872128173709	0.6985598802566528
92.72895817051176	-73.4938143612817	0.70557701587677
92.60990146989934	-73.06263150088489	0.7150052189826965
92.51855472789612	-72.63802518090233	0.7272705435752869
92.48748783278279	-72.31727017182857	0.7343695163726807
92.50970462954137	-71.93986691441387	0.7409335970878601
92.54099277686328	-71.55001248326153	0.7484308481216431
92.56906132039148	-71.21374691417441	0.7547474503517151
92.58694462187123	-70.90894498070702	0.7609137892723083
92.57789616001537	-70.486696138978	0.7834079265594482
92.57789616001537	-70.0137881138362	0.7840051651000977
92.59392551600467	-69.67276943987235	0.789638876914978
92.59277347812895	-69.26546658249572	0.802787184715271
92.55338291509543	-68.87404049839824	0.8163855671882629
92.54458622226957	-68.51080502290279	0.8320001363754272
92.54111484833993	-68.1431979057379	0.8440682291984558
92.54032902128529	-67.81009854143485	0.8549396395683289
92.50778965291101	-67.45773495547473	0.8696211576461792
92.41158298659138	-66.87771023251116	0.8925206661224365
92.33216099027777	-66.30471218936145	0.934036135673523
92.31134037219454	-65.86963833728805	0.9638262987136841
92.27991489775013	-65.27464474644512	0.9699735045433044
92.24005130951991	-64.7676257006824	0.9869832992553711
92.1600799964508	-64.30618466204032	1.012747883796692
92.07836918206885	-63.822797670960426	1.0349092483520508
92.0431061189156	-63.38505734084174	1.0546154975891113
91.99245456920471	-62.782182588241994	1.1021103858947754
91.927688639611	-62.067846192047	1.1376827955245972
91.84524540283019	-61.1584872151725	1.1731812953948975
91.7675095006125	-60.11724652023986	1.2029938697814941
91.70073703926755	-59.13751782197505	1.236682653427124
91.62117771338671	-58.13411511294544	1.283733606338501
91.5461807657266	-57.212263002060354	1.3260643482208252
91.47068790806225	-56.224275482818484	1.368962049484253
91.45945743913762	-55.374837771523744	1.4061477184295654
91.43126682622824	-54.527822386007756	1.4444751739501953
91.37858585722279	-53.633252991363406	1.4838123321533203
91.33363346353872	-52.87138546863571	1.5173640251159668
91.33363346353872	-52.11158169526607	1.5529729127883911
91.26509098429233	-51.30668438505381	1.588958978652954
91.22531132120639	-50.51714886492118	1.6247248649597168
91.18998722330434	-49.835340393241495	1.6630409955978394
91.18998722330434	-49.03022564435378	1.7126469612121582
91.14894108014414	-48.10814465302974	1.7379183769226074
91.08684543758864	-47.3501528641209	1.7733758687973022
91.06380466779228	-46.583173647522926	1.8145033121109009
91.04698185261805	-45.76096905488521	1.8549349308013916
91.0450058397837	-45.07515896484256	1.887518286705017
91.03818515955936	-44.31269634934142	1.9255671501159668
91.0629425465595	-43.66668881196529	1.9576648473739624
91.06300358043518	-43.00012005632743	1.990427017211914
91.06043247587513	-42.432386291213334	2.0183281898498535
91.06158451444935	-41.84724606387317	2.047247886657715
91.10800937865861	-41.25786389457062	2.0761878490448
91.1249161172891	-40.72789944568649	2.103381633758545
91.13658146123635	-40.17302502505481	2.1311469078063965
91.14264682971407	-39.7111452948302	2.1552181243896484
91.15559391328134	-39.248712432570755	2.1789846420288086
91.21132664009929	-38.75324810948223	2.2062978744506836
91.24713901861105	-38.28792752092704	2.234658718109131
91.26242832362186	-37.80633725039661	2.278909683227539
91.28163151128683	-37.25413693394512	2.294743776321411
91.30957035406027	-36.55430401675403	2.354893684387207
91.33911136927782	-35.7950495602563	2.4180500507354736
91.3829422404524	-34.861127748154104	2.468444585800171
91.42526249273214	-33.86921109072864	2.5329463481903076
91.49971775355516	-33.06645001005381	2.6057286262512207
91.57793430559104	-32.23826779332012	2.6787326335906982
91.57793430559104	-31.455184831283987	2.744091510772705
91.75994114263449	-30.694362534210086	2.8130831718444824
91.83837131864857	-30.01277722325176	2.874541759490967
91.91434482904151	-29.308965576812625	2.9379100799560547
92.01451877818909	-28.645431409589946	2.999317169189453
92.07774356997106	-28.04480542242527	3.055850028991699
92.12960819608998	-27.533384217880666	3.116488218307495
92.20346836303361	-26.837131394073367	3.1715619564056396
92.28662113490282	-26.271556748542935	3.2183306217193604
92.4006042877445	-25.672218217048794	3.2760913372039795
92.46952061046613	-25.11533344956115	3.330186367034912
92.53209690429503	-24.595830811653286	3.393734931945801
92.6123428751016	-23.961070905439556	3.4570419788360596
92.70935062749777	-23.20346821518615	3.514514684677124
92.8321533612907	-22.29080761456862	3.6143405437469482
92.97330478997901	-21.512372863013297	3.672051429748535
93.09537510108203	-20.7285746447742	3.7424659729003906
93.24551395635353	-19.910190475173295	3.825807571411133
93.37031559139723	-19.250839126762003	3.8904213905334473
93.52871708152816	-18.605811963323504	3.953979015350342
93.68151096603833	-17.952396286651492	4.018890380859375
93.83682255016174	-17.33658016845584	4.081386566162109
93.95503238902893	-16.742496381979436	4.150750160217285
94.0626144814305	-16.202552689239383	4.2038044929504395
94.19987491797656	-15.530996215995401	4.268547058105469
94.35930637613637	-14.749782457016408	4.360219955444336
94.54758457373828	-13.876890074461699	4.449502468109131
94.83443455048837	-12.865012063644826	4.532740592956543
95.0529938141699	-12.017904178239405	4.614841938018799
95.26816562865861	-11.184885872993618	4.705391883850098
95.47749332687818	-10.314773452933878	4.794932842254639
95.69413761503529	-9.500495802145451	4.87748908996582
95.96446232154267	-8.776586428750306	4.9553728103637695
96.15531162521802	-8.214095961302519	5.016195297241211
96.34291080816183	-7.547193420119584	5.085498332977295
96.49386600824073	-7.0079640303738415	5.141918182373047
96.68856052646879	-6.33691538637504	5.223939895629883
96.68856052646879	-5.589175120927393	5.3067402839660645
97.12411503109615	-4.824620616622269	5.391684532165527
97.3713760781684	-3.962685476988554	5.459787845611572
97.63327793322969	-3.0485156904906034	5.554055213928223
97.93786625145003	-2.040110003668815	5.662541389465332
98.1912994797458	-1.2110008094459772	5.735290050506592
98.47730259236414	-0.2504657655954361	5.841762542724609
98.81361393281259	0.767351970076561	5.941871643066406
99.06110386090586	1.5621524918824434	6.016881942749023
99.06110386090586	2.435469734016806	6.120155334472656
99.75611118588131	3.525598634965718	6.238541603088379
100.15200046915561	4.461944688111544	6.320568084716797
100.5329590253532	5.404481039382517	6.420113563537598
100.82598881050944	6.194140063598752	6.505712509155273
101.17588047200115	7.089884388726205	6.598656177520752
101.51274875982199	7.9350086324848235	6.6841511726379395
101.84090427565388	8.607362851966172	6.7564520835876465
102.17671970603988	9.332662689499557	6.834284782409668
102.4760208534426	10.0252352822572	6.90645694732666
102.72093204781413	10.575724706985056	6.965015888214111
102.95848850463517	11.127884014043957	7.023588180541992
103.19901279720943	11.69070254219696	7.083508014678955
103.44792942260392	12.202795136719942	7.138370037078857
103.68056492111646	12.59776507737115	7.183495044708252
103.89710239693522	13.043332206550986	7.235784530639648
104.11457828839775	13.525428876280785	7.297560691833496
104.34543613623828	14.02723227860406	7.336901664733887
104.53914646350313	14.443963155616075	7.387450218200684
104.82498936000047	15.063507184386253	7.474933624267578
105.18157963163685	15.835592375602573	7.548475742340088
105.47596744896146	16.470069993752986	7.602021217346191
105.77524570759851	17.11512385495007	7.680545806884766
106.14161686121952	17.906274900306016	7.78264045715332
106.49408725916874	18.660970794036984	7.855330467224121
106.80074314388912	19.276809801813215	7.925158500671387
107.20162204990629	19.918298829346895	8.002789497375488
107.5606155799469	20.523792373016477	8.07232666015625
107.5606155799469	21.04113970976323	8.145101547241211
108.18176273617428	21.722517119720578	8.237807273864746
108.65663913899334	22.628110993187875	8.336118698120117
109.2026367605431	23.66966067487374	8.444852828979492
109.8085632728762	24.784404859878123	8.568733215332031
110.40563968964852	25.715715513564646	8.669625282287598
111.16405491228215	26.81572924554348	8.789731979370117
111.79796604457079	27.83466540556401	8.914346694946289
112.36377720104065	28.76858531171456	9.031292915344238
112.98533634422347	29.783796415664256	9.164395332336426
113.64510349638294	30.830936540383846	9.285149574279785
114.33480076113483	31.801714049186558	9.39330768585205
115.04410556971561	32.81606494169682	9.513813018798828
115.71724704949884	33.7521115411073	9.627248764038086
116.25810245762113	34.53807269129902	9.718637466430664
116.89167789649218	35.46395693952218	9.837472915649414
117.60246280918363	36.471571075730026	9.95004653930664
118.2241669112118	37.31442462373525	10.028197288513184
118.88915256690234	38.22971545346081	10.12454891204834
119.55236057483125	39.097795590758324	10.217400550842285
120.21170047984924	39.91966830473393	10.299294471740723
120.74905399675481	40.56921969540417	10.36175537109375
121.35468296270119	41.30032931314781	10.426980972290039
121.92042545462027	42.0062161530368	10.484536170959473
122.45443729683757	42.68206988228485	10.536726951599121
122.90311435848707	43.24982271948829	10.577556610107422
123.41307834978215	43.88334857253358	10.620323181152344
123.93476871686289	44.46306048706174	10.659207344055176
124.40850071160821	45.035829649306834	10.694941520690918
124.40850071160821	45.570356477983296	10.726856231689453
124.84263614850352	45.570356477983296	10.726856231689453
125.25795750017278	46.06741915876046	10.755313873291016
125.65985111403279	46.535745727363974	10.781767845153809
126.05168155883439	46.95338259730488	10.8048677444458
126.46305088256486	47.40997896855697	10.83281421661377
126.89839939418016	47.920812708325684	10.87033748626709
127.38655857439153	48.493024935014546	10.89608383178711
127.99708561168518	49.1940976283513	10.941496849060059
128.68229679425713	49.917558774352074	10.958337783813477
129.3333893220406	50.62606250029057	10.986942291259766
129.94836429896532	51.28323565796018	11.021661758422852
130.54949955258053	51.871774782426655	11.05163288116455
131.21540836675558	52.46355639724061	11.081241607666016
131.820388834225	53.07087146025151	11.109699249267578
132.41108707617968	53.678712951019406	11.14051342010498
133.00880436145235	54.286478150170296	11.17590618133545
133.66868595278356	54.95500384410843	11.188684463500977
134.3041992605431	55.60022555524483	11.212835311889648
134.9845581460395	56.29141818312928	11.240999221801758
135.5621185702039	56.87787448288873	11.258129119873047
136.10276798624545	57.42624484421685	11.271817207336426
136.70541385852266	58.03693972621113	11.29157543182373
137.38740543549648	58.727621185127646	11.30864143371582
138.03227237868123	59.38072024518624	11.301774978637695
138.69395450747106	60.049886809661984	11.299391746520996
139.34674076305237	60.71007738960907	11.293837547302246
139.99026493390556	61.36038790969178	11.284900665283203
140.62500003993046	62.021486387588084	11.264826774597168
141.15788273140788	62.68865023832768	11.250227928161621
141.58970646199305	63.370374786201864	11.243799209594727
142.01493839430623	64.29172335797921	11.266422271728516
142.3819885670091	65.20250521739945	11.271034240722656
142.79185490019154	66.07700930768624	11.275126457214355
142.79185490019154	66.89925967389718	11.287227630615234
143.1561127124587	66.89925967389718	11.287227630615234
143.39958195050713	67.67201052745804	11.303486824035645
143.5532074382063	68.64324008114636	11.317349433898926
143.5362701822305	69.49479495361447	11.328292846679688
143.3986359051196	70.183599579148	11.345203399658203
143.12435917183757	70.84688387997448	11.372328758239746
142.77659610903356	71.3805752848275	11.4013032913208
142.41183475696016	71.80360232666135	11.423236846923828
142.07849125086796	72.19235812360421	11.453529357910156
141.6788788253907	72.72949801478535	11.485502243041992
141.37161258916603	73.18130313139409	11.498284339904785
141.1246796050109	73.60275851422921	11.520252227783203
140.8811645907117	74.1186123965308	11.544270515441895
140.6691131994594	74.58472262741998	11.560037612915039
140.4556274813367	75.02288638427854	11.578943252563477
140.21813968825154	75.41606722632423	11.599821090698242
140.00834659766406	75.80670748790726	11.629068374633789
139.76774601312354	76.3052579043433	11.646525382995605
139.52212528465316	76.7436734335497	11.660658836364746
139.2021942550782	77.17369662597775	11.68465805053711
138.90092472394463	77.48756991745904	11.704710006713867
138.6158295092173	77.75932894507423	11.724629402160645
138.31918339111144	78.09403811953962	11.74721908569336
138.06211857195012	78.38303957786411	11.764655113220215
137.78443912806688	78.75948916841298	11.806849479675293
137.43252567452146	79.23766909679398	11.83130931854248
137.02958683343604	79.70647250441834	11.841657638549805
136.63447574770544	80.13881503185257	11.871565818786621
136.22253421961796	80.5173550718464	11.901447296142578
135.8282471105922	80.87774477852508	11.923857688903809
135.8282471105922	81.22735415538773	11.947880744934082
135.37150577787543	81.22735415538773	11.947880744934082
135.05836490774527	81.49764834390953	11.967684745788574
134.71745304437354	81.85157595947385	11.999374389648438
134.3072967940243	82.28302584728226	12.027521133422852
133.86697391828056	82.75713168177754	12.044488906860352
133.39631656976417	83.2561627519317	12.067024230957031
133.0051880297251	83.66482363734394	12.091434478759766
132.57345585204894	84.11588870594278	12.12933349609375
132.00846866844222	84.7074490650557	12.168654441833496
131.38966373645235	85.35563479736447	12.178521156311035
130.74703983595828	86.02899752929807	12.204113006591797
130.13352970406413	86.67212496837601	12.251188278198242
129.4824066569563	87.35442935256287	12.280573844909668
128.8161621511099	88.05276309419423	12.300056457519531
128.1081848553731	88.7942410572432	12.345020294189453
127.34004215506138	89.59757815301418	12.374956130981445
126.6571579380543	90.31069003231823	12.404533386230469
126.00193027674686	90.9945202935487	12.435049057006836
125.28268436610233	91.7442761505954	12.464000701904297
124.68064884399064	92.37191592575982	12.483800888061523
124.06374363100622	93.01560031250119	12.50332260131836
123.42041782604065	93.63914309395477	12.523835182189941
122.72933200997068	94.19685183465481	12.541955947875977
122.09355167660397	94.76703463727608	12.559791564941406
121.52742771385238	95.3102933014743	12.577056884765625
120.94738773669815	95.8634701850824	12.594541549682617
120.31608585704817	96.4589139088057	12.629142761230469
119.63129429070977	97.10687075508758	12.637548446655273
118.97431186912581	97.7302533253096	12.649545669555664
118.22685245843604	98.44285403424874	12.685884475708008
117.57372288103215	99.10640536621213	12.698570251464844
116.95588688075077	99.71114932047203	12.71005916595459
116.20703129138565	100.43563662469387	12.732104301452637
115.48442081786925	101.13471804698929	12.767943382263184
114.75305179739371	101.84446536190808	12.776208877563477
113.89366916904692	102.73850832972676	12.80504322052002
113.173614542	103.49920474225655	12.81815242767334
112.48519138584379	104.19852267252281	12.83566665649414
111.65316776558757	105.03712283167988	12.86003303527832
110.88392643316183	105.81680117733777	12.882198333740234
110.07092289195862	106.64141665399075	12.918425559997559
109.2333069248125	107.49004183756188	12.928421974182129
108.49098209571093	108.24216281156987	12.945215225219727
107.70343021675944	109.0402203630656	12.969554901123047
106.87759403511882	109.87710391404107	13.007241249084473
105.96929935645312	110.79739199625328	13.029685974121094
105.05014805169776	111.72813998349011	13.039143562316895
104.14085392322158	112.64871798548847	13.064661026000977
103.23613743064925	113.53444491652772	13.09111213684082
102.44036869256524	114.30209170654416	13.112027168273926
101.58085636491887	115.14929782180116	13.134698867797852
100.72379306994844	115.99860964762047	13.159910202026367
99.84262089047115	116.8696118448861	13.188470840454102
98.98279575619381	117.71893893321976	13.206656455993652
98.16025547275785	118.53154574381188	13.237320899963379
97.28118900617119	119.399778470397	13.253661155700684
96.38299564702902	120.28656588867307	13.283736228942871
96.38299564702902	121.26440249802545	13.304991722106934
95.39253239019308	121.26440249802545	13.304991722106934
94.47265629086178	122.17294131638482	13.329757690429688
93.62922672601417	123.00622378708795	13.365220069885254
92.66909794113599	123.95586215145886	13.38238525390625
91.72945408034138	124.8858319404535	13.403589248657227
90.8322830615798	125.77398501615971	13.426152229309082
89.88079075008864	126.71548281889409	13.445842742919922
89.05033115640981	127.53656588401645	13.463272094726562
89.05033115640981	128.40586673142388	13.475273132324219
88.1707077443134	128.40586673142388	13.475273132324219
87.22427372279344	129.30781374778599	13.489201545715332
86.29122928821016	130.20901309372857	13.504100799560547
85.48906711768359	130.98924075160176	13.516252517700195
84.6445541792782	131.7807599194348	13.528322219848633
83.73769382730825	132.60348330857232	13.540780067443848
82.8721161292633	133.41578494058922	13.55192756652832
82.11133579543093	134.13390932884067	13.561511039733887
82.11133579543093	134.8867169506848	13.571483612060547
81.31053165614139	134.8867169506848	13.571483612060547
80.47616581287002	135.67031680094078	13.581541061401367
79.64958195068175	136.41804324556142	13.591547012329102
78.91545872017741	137.07902346597984	13.600808143615723
78.15077213436598	137.75665102899075	13.610600471496582
77.38591007492505	138.40113650541753	13.619359016418457
76.5736008095555	139.0839673159644	13.630491256713867
75.83323673554696	139.72805605921894	13.64196491241455
75.11651615414303	140.35436831694096	13.651349067687988
74.36138920136727	140.95557986479253	13.666367530822754
73.60263065563049	141.55959902517498	13.66945743560791
72.84410099184606	142.19286929210648	13.670674324035645
72.07334141078172	142.8202649219893	13.685186386108398
71.16556553146802	143.49725161585957	13.684651374816895
70.29319004272111	144.18501101853326	13.677776336669922
69.48448948253645	144.78420840390027	13.685718536376953
68.61438755289419	145.41464053001255	13.695178985595703
67.80661777872592	145.9078961489722	13.696764945983887
66.91252140305005	146.44660769496113	13.702547073364258
66.00629429146647	146.93267642287537	13.71156120300293
65.13301853492158	147.4408246143721	13.72247314453125
64.28941349242814	147.93816958880052	13.734485626220703
63.54302982566878	148.39137087855488	13.74382495880127
62.70688251836691	148.8428937094286	13.75231647491455
61.88136295590084	149.24038515985012	13.758474349975586
61.04249195451848	149.70283327950165	13.76395320892334
60.30009464576142	150.0998517149128	13.768298149108887
59.46707157441415	150.4359112852253	13.772604942321777
58.64179615397006	150.6582318409346	13.773419380187988
57.83392338181147	150.8556653149426	13.776875495910645
56.97959141037427	151.14303408563137	13.791244506835938
56.106380502926186	151.4769574282691	13.777519226074219
55.23958210181445	151.80203067185357	13.771634101867676
54.49165348202223	152.0786114805378	13.772261619567871
53.55044941173401	152.42722903331742	13.789487838745117
52.57712558924686	152.7886029370129	13.773381233215332
51.601696055266075	153.1148511026986	13.766364097595215
50.61683658789843	153.33360110362992	13.76805591583252
49.61991886328906	153.52285586390644	13.76524543762207
48.678279917745385	153.77520571881905	13.760391235351562
47.79515461134724	154.02531252847984	13.763875007629395
46.77217869099695	154.3059369204566	13.761612892150879
45.74296955409227	154.5248242500238	13.750523567199707
44.704116862558294	154.62116824369878	13.748584747314453
43.734977762564085	154.64781008986756	13.749496459960938
42.7226715501165	154.7471295450814	13.749507904052734
41.67823032732122	154.89611636055633	13.760499954223633
40.62495807913365	155.03661929024383	13.753134727478027
39.57030872639734	155.09995852597058	13.746113777160645
38.621952096698806	155.05360232293606	13.741434097290039
37.58603290852625	154.99285708460957	13.738826751708984
36.545227092225105	155.01292239502072	13.734661102294922
35.64819339924725	155.03355227643624	13.731762886047363
34.66520694975043	154.99500857805833	13.730695724487305
33.68605045613367	154.91650210833177	13.729948997497559
32.80016330938088	154.87557803140953	13.729025840759277
31.85440258361632	154.7522870162502	13.724190711975098
30.93357090151403	154.51786623895168	13.71875286102295
30.07685093197506	154.19894229294732	13.710749626159668
29.302921337017324	153.93910037446767	13.70310115814209
28.45280079182703	153.73422060953453	13.69517707824707
27.59119991614716	153.6051312563941	13.689993858337402
26.739036601153202	153.46287356410176	13.688363075256348
25.90510753815761	153.29313479736447	13.688066482543945
25.08480839151889	153.12718020565808	13.690415382385254
24.272108119446784	152.96745120268315	13.69262409210205
23.48454288742505	152.81204043561593	13.693424224853516
22.668602029792964	152.6498395074159	13.69333267211914
21.983598748978693	152.51307497965172	13.69323444366455
21.221632043481804	152.32777224760503	13.690155982971191
20.452026408165693	152.1604748815298	13.685357093811035
19.699209254409652	151.9504223940894	13.678258895874023
18.986816446413286	151.65926943905652	13.669565200805664
18.342351953557227	151.40624819789082	13.662074089050293
17.503868142841384	151.15603457437828	13.664830207824707
16.693098108749837	150.9193402407691	13.64726734161377
15.910997431492433	150.62315188674256	13.637283325195312
15.169288675650023	150.24792300304398	13.633370399475098
14.464558642241172	149.928754911758	13.633316040039062
13.730464021500666	149.65336428489536	13.633086204528809
12.936870614998043	149.35476504312828	13.641600608825684
12.936870614998043	149.00007449323311	13.632087707519531
12.040965120308101	149.00007449323311	13.632087707519531
11.329345743870363	148.6447278149426	13.628987312316895
10.637002032366581	148.19862185651436	13.627367973327637
9.945859949104488	147.7126141632907	13.626094818115234
9.226825754158199	147.2933789351955	13.627654075622559
8.450971645186655	146.88514529308304	13.630289077758789
7.70299247931689	146.48307620035484	13.64079475402832
6.916822950006463	146.05024539399892	13.632061958312988
6.168860476755071	145.55770693905652	13.630696296691895
5.44613269995898	145.07011233503	13.632137298583984
4.712882083724253	144.61906253080815	13.630066871643066
3.961958926578518	144.15937625057995	13.626505851745605
3.289995235274546	143.65351687697694	13.62122631072998
2.690098087710794	143.0749188507907	13.613972663879395
2.1621632983442396	142.50466739106923	13.60803508758545
1.5754388986388221	141.9626141632907	13.603388786315918
0.9105477737030014	141.42539797816426	13.597208023071289
0.2936221780255437	140.92080508265644	13.598004341125488
-0.32320626359432936	140.41001712344587	13.589421272277832
-1.004208642989397	139.8183575696312	13.578999519348145
-1.6155120920739137	139.28657351527363	13.576332092285156
-2.2299518170184456	138.73653994500637	13.573720932006836
-2.844671208644286	138.1686230772175	13.5698823928833
-3.4076427999534644	137.5853711226955	13.566669464111328
-3.9005078858463094	137.09033022914082	13.56588077545166
-4.452230890165083	136.5262890951708	13.564630508422852
-5.017721613286994	135.94715700810775	13.563840866088867
-5.5131191809196025	135.36105166794732	13.56222915649414
-5.990027864696458	134.75469790492207	13.561397552490234
-6.427123506204225	134.12981997570023	13.560153007507324
-6.8187312669469975	133.55856143217534	13.558972358703613
-7.285872417502105	132.9828778412193	13.554388046264648
-7.725398022332229	132.45780765078962	13.548274040222168
-8.191010434587952	131.8906994909048	13.547747611999512
-8.574850995035376	131.37599002057686	13.54831314086914
-8.972219427465461	130.7791882622987	13.54636001586914
-9.361121136927977	130.2710095513612	13.541998863220215
-9.833489377750084	129.66692935023457	13.550743103027344
-10.277212102082558	129.0771771557629	13.543925285339355
-10.681424100825097	128.41406070021912	13.532819747924805
-10.997693021898158	127.75564395217225	13.525177001953125
-11.341628033202142	127.14031802443787	13.519413948059082
-11.774866062565707	126.48029147041962	13.514296531677246
-12.140743213822134	125.90939914062619	13.509325981140137
-12.46397014358081	125.29041110211983	13.503172874450684
-12.727367360785138	124.62971316557378	13.500020980834961
-13.022556264069863	123.99394808663055	13.502151489257812
-13.376932102546562	123.35144626023248	13.51476764678955
-13.712117154966109	122.71818362362683	13.50871753692627
-13.712117154966109	122.09879885520786	13.505620002746582
-14.184440570999868	121.3841153262183	13.507633209228516
-14.453062969492748	120.69753848295659	13.512840270996094
-14.755183179397136	120.03604708844796	13.524542808532715
-15.096208531293087	119.27549563487992	13.515974044799805
-15.096208531293087	118.51151095796376	13.509448051452637
-15.40655799570959	118.51151095796376	13.509448051452637
-15.62503429199569	117.73911105468869	13.507680892944336
-15.793115574226249	116.9454632899724	13.502752304077148
-15.991921384586021	116.28191195428371	13.498038291931152
-16.255510289862286	115.53106509288773	13.491724014282227
-16.523727376712486	114.747434720397	13.492071151733398
-16.766498525685165	114.01706515578553	13.477707862854004
-16.97744365525432	113.25671206554398	13.467718124389648
-17.220945318462327	112.44410525402054	13.460124969482422
-17.432516058324836	111.61781893949956	13.450498580932617
-17.63984103925759	110.8982983706519	13.443116188049316
-17.799560505955014	110.09761630324647	13.432723999023438
-17.881109195877798	109.34490023832768	13.423385620117188
-18.02556987403659	108.5442410572432	13.415324211120605
-18.2007770119817	107.78616915922612	13.407672882080078
-18.377000768727157	106.99959384463727	13.410820007324219
-18.556108432996552	106.11282168421894	13.392613410949707
-18.64601894118823	105.22412692196667	13.381625175476074
-18.66047473612707	104.44135104259476	13.375951766967773
-18.727916677249596	103.62248812802136	13.370539665222168
-18.845245321281254	102.76855288632214	13.361839294433594
-18.953643758199178	101.9490567324683	13.35173511505127
-19.009418447501957	101.20966922072694	13.342804908752441
-19.02073665347416	100.348638641648	13.33344841003418
-19.086553533677943	99.5231152633205	13.322261810302734
-19.139812428853475	98.67198763787746	13.312139511108398
-19.098291357047856	97.88165103411302	13.305150985717773
-19.069078403699677	97.19923983421177	13.300715446472168
-19.092142064706422	96.38979922654107	13.294127464294434
-19.118875463842414	95.61836825311184	13.28968334197998
-19.138194996630773	94.833860501647	13.299076080322266
-19.160675008315593	93.91049777204171	13.28796672821045
-19.184616048354656	93.00039492594078	13.278305053710938
-19.180133778369054	92.21370516810566	13.277824401855469
-19.151555974269286	91.37402163725346	13.276801109313965
-19.155521352076903	90.49407779006287	13.2733736038208
-19.162990529555827	89.71905337367207	13.272964477539062
-19.167949635651894	88.74674044642597	13.27953052520752
-19.173267324396875	87.73865328775719	13.2660551071167
-19.178876836202107	86.72865115711465	13.274218559265137
-19.18662639404647	85.5713482950814	13.256906509399414
-19.194078405213077	84.51539431791753	13.250371932983398
-19.2023219653056	83.31152163539082	13.259285926818848
-19.211046178126708	82.0905591128394	13.247756958007812
-19.218759496114217	81.04176150541753	13.249163627624512
-19.22784992051311	79.77632724167779	13.24902629852295
-19.23665614728816	78.53936587413773	13.24097728729248
-19.22425456705969	77.45282564964145	13.239368438720703
-19.22425456705969	76.22553836088628	13.237430572509766
-19.149194676370826	75.03193484339863	13.233553886413574
-19.12077518098522	73.87343417247757	13.229635238647461
-19.09969516377896	72.83511935407296	13.225407600402832
-19.075269657478202	71.70586214959621	13.220903396606445
-19.048448522633407	70.54260836495087	13.216670036315918
-19.048448522633407	69.51117526274174	13.212364196777344
-18.91717906703707	68.39551364118233	13.20728588104248
-18.845247228862718	67.34866152936593	13.202886581420898
-18.7916850624606	66.29643832612783	13.19820499420166
-18.740770299860742	65.29997073346749	13.193948745727539
-18.67885585525073	64.20821963623166	13.18821907043457
-18.59102626470849	63.27664767578244	13.183038711547852
-18.51312824024353	62.22690401924774	13.178070068359375
-18.399763065797742	61.30671130493283	13.17212963104248
-18.27088542567799	60.23107729991898	13.166129112243652
-18.186794240027666	59.355386841576546	13.161301612854004
-18.090637166867964	58.34244357282296	13.159701347351074
-17.975742299458943	57.47528659040108	13.160368919372559
-17.975742299458943	56.54966937331483	13.159924507141113
-17.721794086974114	55.67215167218819	13.159235954284668
-17.524057348142378	54.72875033784658	13.158832550048828
-17.314798315346707	53.838014707900584	13.158031463623047
-17.175281484494917	53.030584438703954	13.156975746154785
-17.032558399951085	52.172239411156625	13.164306640625
-16.858663518971298	51.16818438330665	13.157828330993652
-16.626060443930328	50.18740664655343	13.1510009765625
-16.343158681178465	49.34132967935875	13.149284362792969
-16.343158681178465	48.490976442117244	13.148370742797852
-15.881111104448792	47.54132281802595	13.145370483398438
-15.656260449206457	46.597902403213084	13.15255355834961
-15.427416760125197	45.65444766078144	13.134803771972656
-15.169753032852896	44.587061032652855	13.128560066223145
-15.169753032852896	43.42753420956433	13.117440223693848
-14.592394788982347	42.18581592058763	13.091360092163086
-14.291967352037318	41.10240374831483	13.079025268554688
-13.997816045535728	39.99346743291244	13.06995964050293
-13.688002546550706	38.77914630062878	13.05832576751709
-13.406559903756715	37.674471010454	13.04819393157959
-13.114417035656516	36.54545031255111	13.039477348327637
-12.77694030420389	35.51402484253049	13.033214569091797
-12.368900257861242	34.47605715924874	13.027688026428223
-12.368900257861242	33.44342242414132	13.02152156829834
-12.024057348258793	33.44342242414132	13.02152156829834
-11.674213368911296	32.33202181849629	13.015714645385742
-11.359653431398328	31.346668349113315	13.008249282836914
-11.044285734125879	30.367149458266795	12.998218536376953
-10.689463574439287	29.259496793616563	12.98643970489502
-10.37575813033618	28.29961024178192	12.979567527770996
-10.024266201886348	27.411316019948572	12.9722261428833
-10.024266201886348	26.47006808547303	12.965315818786621
-9.673053699953016	26.47006808547303	12.965315818786621
-9.315602261456661	25.44858180033043	12.958260536193848
-9.0069303115597	24.566181289497763	12.953961372375488
-8.67631812673062	23.631448851898313	12.948227882385254
-8.357324559416156	22.72892199549824	12.942643165588379
-8.000835377140902	21.729946244508028	12.936897277832031
-7.619024235755205	20.800720320548862	12.931171417236328
-7.330246408877429	20.03911410504952	12.926342010498047
-6.9790629944182	19.09080515941605	12.92027759552002
-6.674536663806066	18.299682722892612	12.915221214294434
-6.22015376802301	17.38322840631008	12.90802001953125
-5.789169748080894	16.697708235587925	12.901866912841797
-5.3404683659318835	15.914072141516954	12.896430015563965
-4.9529656959930435	15.113703835289925	12.889181137084961
-4.5888714387547225	14.360202896408737	12.881539344787598
-4.187355000816751	13.591179954819381	12.873469352722168
-3.752504784381017	12.83103953441605	12.866952896118164
-3.367389160906896	12.088436234742403	12.86020278930664
-2.955924945999868	11.284308542031795	12.864140510559082
-2.5178863598848693	10.43732272228226	12.857173919677734
-2.0478739324607886	9.572586164344102	12.840006828308105
-1.4178727449616417	8.637483703903854	12.84241771697998
-0.8225692111882381	7.821211920585483	12.83606243133545
-0.2637818646035157	6.939327345695347	12.830451011657715
0.2687660871306434	6.068502534646541	12.828125
0.7888159555150196	5.158162225037813	12.82486629486084
1.2236917426344007	4.430651293601841	12.820111274719238
1.7574698136886582	3.548234331421554	12.815606117248535
2.206616919254884	2.7558542364276946	12.812246322631836
2.69722990214359	1.8651863192208111	12.80807876586914
3.1941233087563887	0.991340743843466	12.804804801940918
3.631960910395719	0.2353142388164997	12.809892654418945
4.179938358254731	-0.7146729384548962	12.807605743408203
4.661433738307096	-1.549776925239712	12.794504165649414
5.265804809518158	-2.598165884613991	12.806540489196777
5.9268312870990485	-3.7437504660338163	12.806081771850586
6.642544786329381	-4.98342503560707	12.780959129333496
7.261735957232304	-6.095579037442803	12.765728950500488
7.92838863725774	-7.287243739236146	12.754175186157227
8.599556963541545	-8.473380938638002	12.74218463897705
9.351591151149478	-9.80077542271465	12.739649772644043
10.111945192504209	-11.144304169341922	12.720137596130371
10.78338722459739	-12.32656277390197	12.696174621582031
11.718751948443241	-13.814119230024517	12.685567855834961
12.465971988392994	-15.03569496795535	12.680508613586426
13.265164416923653	-16.36509693833068	12.679420471191406
14.121541064698249	-17.790656939148903	12.665431022644043
14.964576761471108	-19.188812146428972	12.653360366821289
15.856634180177934	-20.66755856340751	12.66287899017334
16.794473688467406	-22.222427264321595	12.649998664855957
17.705713313654996	-23.733243835624307	12.632983207702637
18.53034405084327	-25.146198164205998	12.629281997680664
19.540502589195967	-26.859704863280058	12.626686096191406
20.342800181999337	-28.213951005600393	12.6265230178833
21.277563135372475	-29.79105938691646	12.634180068969727
22.28389362525195	-31.490398299880326	12.615525245666504
23.28501705499366	-33.181066408287734	12.600269317626953
24.335874597425573	-34.95475949207321	12.59948444366455
25.473215143952984	-36.87425411818549	12.581145286560059
26.55898861179594	-38.70826138323173	12.558395385742188
27.691577952355146	-40.622926604468375	12.55141544342041
28.826351207331754	-42.541356936097145	12.543938636779785
29.926422159769572	-44.40049923583865	12.532193183898926
31.034061471757013	-46.27244748175144	12.523822784423828
32.097747844061814	-48.06960476608947	12.520244598388672
33.23233036202146	-49.98600949253887	12.523224830627441
34.43667225225363	-52.02086056442931	12.509549140930176
35.45723347039893	-53.746492280159146	12.495349884033203
36.54269031865988	-55.58304775785655	12.491580963134766
37.68422321538674	-57.51380719151348	12.489777565002441
38.799434701912105	-59.397802248597145	12.482046127319336
39.903465311042964	-61.260866061318666	12.471929550170898
41.01328663073946	-63.13272274937481	12.465875625610352
42.06610492954496	-64.90784634370357	12.463844299316406
43.06875614414457	-66.59796322695911	12.460448265075684
44.15970234258566	-68.43719662539661	12.453325271606445
45.2662926116609	-70.30256833136082	12.44483470916748
46.30717090901453	-72.05683316057548	12.437264442443848
47.30773929762654	-73.74707211274654	12.430609703063965
48.287059824797325	-75.57735623419285	12.424836158752441
49.24055866454728	-77.40977658005431	12.418965339660645
50.22487644525245	-79.24477566452697	12.408524513244629
51.134166758158244	-80.95974911469966	12.395638465881348
51.87319950427627	-82.62797726504505	12.381518363952637
52.46846393827582	-84.5556811215356	12.36541748046875
52.93558506248519	-86.4827669984661	12.347975730895996
53.4382591660833	-88.26262844726443	12.326951026916504
53.94093708402943	-89.93191708577797	12.310161590576172
54.53504948038608	-91.91346920840442	12.294960975646973
55.06065754208248	-93.68038357468322	12.286160469055176
55.60113529441878	-95.49302090657875	12.280953407287598
56.08778766891919	-97.26413906924427	12.276079177856445
56.44453434355091	-98.89853085530922	12.266737937927246
56.910423320368864	-100.84697903553024	12.252737998962402
57.29770664451644	-102.63034237688407	12.238595008850098
57.494613688322715	-104.39546383684501	12.224804878234863
57.4638481552829	-106.09407223854214	12.21115493774414
57.35953525768127	-107.65188778936863	12.202037811279297
57.319801370904315	-109.52106655901298	12.191144943237305
57.32511905953288	-111.17321957182139	12.18654727935791
57.32511905953288	-112.88935269368812	12.181824684143066
57.39775471080793	-114.71669186418876	12.171738624572754
57.422176402411424	-116.12680996814743	12.161952018737793
57.428455393295735	-117.79838742036372	12.14880657196045
57.405921976664104	-119.61291684256867	12.13287353515625
57.273731272434816	-121.05314816208556	12.118522644042969
57.00864795874804	-122.56131161563098	12.10481071472168
57.00864795874804	-124.0679186694324	12.095703125
56.59220508841099	-124.0679186694324	12.095703125
56.17814640374854	-125.69926632754505	12.090869903564453
55.862804453470744	-127.19983853539452	12.086153984069824
55.55840305658057	-128.6739977733232	12.082551002502441
55.24582676246064	-130.16127194277942	12.075194358825684
54.91379932651762	-131.55330075137317	12.064231872558594
54.5198898720555	-133.0063036843203	12.054949760437012
54.16262821404962	-134.44517697254196	12.046669960021973
53.80886081850622	-135.88914669817314	12.038341522216797
53.37925342726521	-137.2898882748559	12.02922248840332
52.78315357409883	-138.7451800238341	12.02003288269043
52.23500446556136	-140.20231808442622	12.009024620056152
51.841575662838295	-141.34012020658702	12.00007152557373
51.39344791765325	-142.63942135497928	11.991436958312988
50.84740070521366	-144.0458697201684	11.984136581420898
50.30149082507705	-145.32953060651198	11.977924346923828
49.81164554832503	-146.56984127731994	11.971336364746094
49.34675983688794	-147.76971615711227	11.964329719543457
48.82741169258952	-149.10470760893077	11.964700698852539
48.25623707193881	-150.5707415463403	11.941718101501465
47.710323374252766	-151.97455014148727	11.9368896484375
47.10687259864062	-153.52847470343113	11.923885345458984
46.59566501772497	-154.8447588821873	11.91182804107666
45.97721866960637	-156.43791378987953	11.89648723602295
45.42506031191442	-157.8609484564513	11.900503158569336
45.42506031191442	-159.615587124601	11.899045944213867
44.74463276134338	-159.615587124601	11.899045944213867
44.091232340666465	-161.29925717273727	11.872945785522461
43.32653049688088	-163.1320208441466	11.8480863571167
42.59481815574691	-164.90468014404178	11.833370208740234
41.93189625092782	-166.52791012544185	11.81929874420166
41.18042377819074	-168.37129391729832	11.817126274108887
40.46978763863444	-170.11163510149345	11.801607131958008
39.76608280383516	-171.83439816115424	11.786338806152344
38.97947696992196	-173.76060665911064	11.777070999145508
38.20358280441724	-175.6613787561655	11.764032363891602
37.4788208406535	-177.4385546585545	11.765739440917969
36.740108531783335	-179.25099362432957	11.751752853393555
35.964351695380174	-181.26376522891223	11.739944458007812
35.21454243030166	-183.23430050816387	11.729963302612305
34.51725010247901	-185.04084958089516	11.72298812866211
33.680587809416465	-187.20060910005122	11.72600269317627
32.923805277387146	-189.15774715971202	11.72062873840332
32.08531955990475	-191.32808102387935	11.713010787963867
31.11069683264941	-193.8519152519293	11.70479965209961
30.09977916907519	-196.47187985340133	11.688614845275879
29.154529613093473	-199.10882748523727	11.665704727172852
28.36566738411784	-201.35345638962463	11.655648231506348
27.533611337421462	-203.69597042910755	11.641806602478027
26.610622447158676	-206.27749813720584	11.625675201416016
25.826732675370295	-208.85644711228088	11.616618156433105
25.283386270981282	-211.48156918445602	11.614315032958984
24.744222682667896	-214.08452023379505	11.600363731384277
24.17593578703236	-216.48922909563407	11.575661659240723
23.55284504313022	-219.06210507452488	11.558005332946777
22.98489765456179	-221.35388363851234	11.544943809509277
22.35548404889414	-223.8366259452887	11.529887199401855
21.629106562933885	-226.26434506475925	11.515259742736816
20.926813165773638	-228.67303646961227	11.501263618469238
20.235927622648887	-231.0950487991795	11.487546920776367
19.58282665500883	-233.5166643979028	11.477837562561035
18.95065693219658	-235.91348446998745	11.469871520996094
18.382259410689585	-238.54440487734973	11.45825481414795
18.014089625736233	-240.64030636940151	11.447343826293945
17.65545467706397	-242.85858334228396	11.440346717834473
17.269136469694786	-245.2470873715356	11.435142517089844
16.878669778816402	-247.59994686720893	11.427465438842773
16.53807262692135	-250.15091122547165	11.409286499023438
16.27821926411707	-252.30877865711227	11.389840126037598
16.086454432923347	-254.66575802722946	11.369482040405273
15.95091347093694	-256.9924334413372	11.351324081420898
15.879901926382445	-259.32882870780304	11.334479331970215
15.777279895031825	-261.66671933140606	11.320247650146484
15.655842822685372	-263.85672177374363	11.30960464477539
15.539543192251585	-265.937135590706	11.298643112182617
15.412683528731577	-268.2749346634373	11.283662796020508
15.31105236208532	-270.73205746430904	11.269081115722656
15.223111193627119	-272.7545794364996	11.26232624053955
15.146882097702473	-275.1835345150903	11.25710678100586
15.146882097702473	-277.18515195092186	11.254722595214844
15.20310119970236	-279.3632220174186	11.247847557067871
15.224194567534141	-281.4815081502311	11.234662055969238
15.2391500887461	-283.54089535819367	11.220547676086426
15.28323463810375	-285.65146054234356	11.20654296875
15.424599687568843	-287.9613055130467	11.193384170532227
15.589383165119216	-290.0979021913372	11.18321418762207
15.719820063037332	-292.0581377898343	11.174479484558105
15.875298540922813	-294.3176592714153	11.163626670837402
16.088663142290898	-296.16571225086227	11.154789924621582
16.344972651160788	-298.20794857898727	11.143010139465332
16.612262767215725	-300.1380022931844	11.12874698638916
16.86601261427859	-302.12942685047165	11.113642692565918
17.114799539500382	-304.1194781186059	11.100606918334961
17.381683389889076	-306.2370928651653	11.08911418914795
17.631767314160243	-308.21261776890606	11.079256057739258
17.86915211030282	-310.0883807106875	11.070363998413086
18.12097553454805	-311.90649594087154	11.061306953430176
18.43024639307987	-314.02997006336227	11.04998779296875
18.694583933393005	-315.9111651321873	11.038580894470215
19.038240472553298	-317.7784747015685	11.027137756347656
19.499258082185406	-319.5194109803997	11.020965576171875
19.979736368986778	-321.49933041259646	11.014290809631348
20.382083933916874	-323.28863705322146	11.007472038269043
20.784563105960842	-325.08218564093113	11.001673698425293
21.167291682213545	-326.7694720183499	10.995357513427734
21.5995445655426	-328.6725481892936	10.98507308959961
21.5995445655426	-330.5482500907965	10.975054740905762
22.025196115777362	-330.5482500907965	10.975054740905762
22.025196115777362	-332.2469500442967	10.96433162689209
22.453207057493273	-332.2469500442967	10.96433162689209
22.949798624264076	-334.1234454046935	10.95448112487793
23.314867059583776	-335.5598162561655	10.94774341583252
23.770013849425595	-337.37082089157775	10.941327095031738
24.275239984854124	-339.16501034330577	10.933245658874512
24.698654215666465	-340.70611752429977	10.924030303955078
25.13239864638308	-342.3097857348621	10.916677474975586
25.69032482424518	-344.03149594087154	10.90939712524414
26.27322010381613	-345.7210406200029	10.904293060302734
26.748428385180887	-347.18936337251216	10.899308204650879
27.23435405944474	-348.7153643509373	10.893646240234375
27.78007702168543	-350.3791827117093	10.887540817260742
28.415693323593587	-352.0616167928092	10.879547119140625
28.94060138880741	-353.52420224109665	10.864333152770996
29.477651636931114	-355.05246151797473	10.851814270019531
30.00712780188769	-356.3832720643841	10.844259262084961
30.66469959478127	-357.9571246043779	10.838249206542969
31.279483834921848	-359.5089434524998	10.832798957824707
31.279483834921848	-360.9889849550091	10.826108932495117
31.859247248328757	-360.9889849550091	10.826108932495117
32.359962504007854	-362.26153744291514	10.8219575881958
32.958515208621975	-363.78109921654686	10.817712783813477
33.56110767566133	-365.3115862715058	10.825691223144531
34.17351154494099	-366.8676165463403	10.817134857177734
34.74330524762627	-368.26519955461845	10.807856559753418
35.38959507155232	-369.82556332228705	10.808147430419922
36.069454234908335	-371.4941424257122	10.808138847351074
36.63842014508555	-372.89523495640606	10.805882453918457
37.25138096109731	-374.3597124959342	10.802384376525879
37.83520130382385	-375.7544573699124	10.797492027282715
38.457881968759466	-377.2508868104778	10.787598609924316
39.08310703502502	-378.75494564976543	10.777692794799805
39.6917076529935	-380.21557797444984	10.769073486328125
40.252048534108326	-381.5590533167124	10.762036323547363
40.80981067882385	-382.89621151890606	10.757190704345703
41.446441691950895	-384.42267025774345	10.754157066345215
42.00322727393359	-385.7197283622809	10.753851890563965
42.589939159108326	-387.0874956990592	10.7545166015625
43.17836002598051	-388.4671648843214	10.754229545593262
43.17836002598051	-389.92489803861827	10.752725601196289
43.88312916003633	-389.92489803861827	10.752725601196289
44.494331400608644	-391.1304644471966	10.751314163208008
45.13384250877425	-392.4669512640685	10.749428749084473
45.73352817737032	-393.75564755452797	10.74859619140625
46.31629948026966	-395.00027645844966	10.747838973999023
46.84608845040202	-396.12561215180904	10.746681213378906
47.48503116786014	-397.51931942719966	10.744268417358398
48.07155994779896	-398.80398739874363	10.740053176879883
48.6042442729231	-400.0481280214153	10.735228538513184
48.6042442729231	-401.28067196765915	10.729988098144531
49.143886606325395	-401.28067196765915	10.729988098144531
49.64534763561096	-402.43570125987753	10.725574493408203
50.196476022247225	-403.68823422444984	10.721879005432129
50.78194050077582	-405.0151385185309	10.724151611328125
51.29843906708993	-406.18670833902434	10.718461036682129
51.90769962623017	-407.523713959381	10.711483001708984
52.485164682148024	-408.70593441836536	10.707045555114746
53.02316288219299	-409.81332577578723	10.703763008117676
53.686874430277385	-411.09381283819675	10.704397201538086
54.371910135261714	-412.228792084381	10.701835632324219
55.178234140970744	-413.25042904773727	10.693985939025879
56.05876926588826	-414.1723650833592	10.687139511108398
56.87524799676612	-415.0905169355683	10.68297290802002
57.581253092270344	-415.9832171332091	10.683218002319336
58.395938915084116	-417.0191058050841	10.683438301086426
59.17515186476521	-417.8794878832996	10.677892684936523
60.14551166706951	-418.719423184637	10.665226936340332
61.08308796113124	-419.44467343203723	10.656110763549805
61.927612344385125	-420.18860043631867	10.655258178710938
62.69989780674223	-420.91345394961536	10.656291007995605
63.61227802641224	-421.67236507777125	10.655951499938965
63.61227802641224	-422.3086260664277	10.652299880981445
64.61518863867968	-422.3086260664277	10.652299880981445
65.62706760771107	-422.7696856376715	10.643665313720703
66.4871216234751	-423.14398373570293	10.636675834655762
67.44908909150399	-423.64389218064025	10.644133567810059
68.40353397658328	-424.18914974853396	10.640924453735352
69.39960483799223	-424.66208065953106	10.633933067321777
70.4306412161095	-424.9984454042278	10.629801750183105
71.43524173949845	-425.29199399007484	10.624595642089844
72.34004215471214	-425.62912167049944	10.61642074584961
73.30854038608959	-425.9516924745403	10.61164665222168
74.30750278715277	-426.14975155703723	10.607256889343262
75.24745945178438	-426.19922055024654	10.595410346984863
76.23738102172501	-426.1690081451088	10.585439682006836
77.18541721603833	-426.188508879859	10.58006763458252
78.05776218668325	-426.2797869583592	10.575729370117188
79.03208164597163	-426.39386166026816	10.571096420288086
79.91215519257821	-426.4803179600276	10.566725730895996
80.76136783970287	-426.4948443300091	10.559306144714355
81.69483951933216	-426.52520932164043	10.555373191833496
82.55815128679387	-426.52209652541205	10.550484657287598
83.40667728579137	-426.4204119555652	10.541309356689453
84.25323490385199	-426.2171343676746	10.532115936279297
85.04219059168827	-426.05191220203415	10.52852725982666
85.82233432936482	-425.9605730883777	10.526076316833496
86.66927341627888	-425.8809832450934	10.523014068603516
87.41791538405232	-425.80288876313716	10.522112846374512
88.24955753528047	-425.6813067337498	10.520036697387695
89.01072697062045	-425.57699764939025	10.51560115814209
89.82263187656645	-425.3911761189811	10.508452415466309
90.51411441987148	-425.1639117114246	10.505484580993652
91.24411014723592	-424.8690203553997	10.501060485839844
91.89389805134851	-424.5726336352527	10.493626594543457
91.89389805134851	-424.27154721226543	10.485154151916504
92.59355167549802	-424.27154721226543	10.485154151916504
93.21617130620871	-424.0041521936655	10.48143196105957
93.89683536812663	-423.71167172444984	10.475038528442383
94.447586101247	-423.3972796322778	10.465594291687012
95.05595401942264	-422.93121517961845	10.452609062194824
95.61639408470364	-422.51751888915896	10.446967124938965
96.19612888566917	-422.1737688886933	10.442320823669434
96.72076420020312	-421.8960589291528	10.437475204467773
97.32688144885469	-421.56512631010264	10.430423736572266
97.89244083646918	-421.20794857898727	10.42774772644043
98.45715336070862	-420.84625424304977	10.428668975830078
99.02741245634388	-420.50287045305595	10.425701141357422
99.56070713239023	-420.10843075811863	10.433717727661133
100.16749576904112	-419.5954913026653	10.41922664642334
100.80222324613715	-419.1277483860031	10.40978717803955
101.43033603945514	-418.6757220136933	10.409603118896484
102.02637485740706	-418.2503680116497	10.403271675109863
102.55141453101533	-417.79565609572455	10.39350700378418
103.07141117297579	-417.2135332929902	10.3802490234375
103.46710209245794	-416.6469439375214	10.364006042480469
103.46710209245794	-416.0552691346966	10.349221229553223
103.91139988123905	-416.0552691346966	10.349221229553223
104.38754276442342	-415.5170306134969	10.340978622436523
104.38754276442342	-414.9956683050841	10.338085174560547
104.83928684593411	-414.9956683050841	10.338085174560547
104.83928684593411	-414.44912899658084	10.331924438476562
105.28479007969145	-414.44912899658084	10.331924438476562
105.28479007969145	-413.8722247011028	10.324630737304688
105.67238620982971	-413.8722247011028	10.324630737304688
105.67238620982971	-413.3162554623559	10.318653106689453
106.09596256539226	-413.3162554623559	10.318653106689453
106.52593235264067	-412.7727984325029	10.318490982055664
106.89682773943059	-412.2290057055652	10.318760871887207
107.21121219987981	-411.6847857371904	10.312276840209961
107.4755554604344	-411.05209530703723	10.301461219787598
107.65497593127657	-410.39456356922165	10.295735359191895
107.84514622093411	-409.7972430102527	10.292295455932617
108.06349949212745	-409.2804888645187	10.285619735717773
108.35882572387345	-408.6640643030405	10.290104866027832
108.68531803437509	-407.98239315859973	10.273284912109375
108.99936680000974	-407.3337420350872	10.2678804397583
109.33415989205241	-406.6462115156464	10.26692008972168
109.65294651349541	-405.98770321765915	10.265055656433105
109.89419559738599	-405.40722835902125	10.264398574829102
110.10262302681804	-404.7362383729778	10.262944221496582
110.35286716814153	-404.0655230404809	10.262534141540527
110.62507633434143	-403.4265765068121	10.26164722442627
110.83730320178438	-402.7675188896246	10.258235931396484
110.9744797157473	-402.1126116630621	10.254348754882812
110.9744797157473	-401.46426571905613	10.252718925476074
111.34387973987032	-400.84106625197455	10.249687194824219
111.53786472475622	-400.2277850029059	10.245548248291016
111.70912937354296	-399.5878008720465	10.242631912231445
111.8542862344766	-398.9521502368152	10.239786148071289
111.97470096859615	-398.4091204521246	10.2366361618042
112.08360294532031	-397.7953204046935	10.232282638549805
112.23189548728988	-397.19803036609665	10.228347778320312
112.35502628504764	-396.59054745640606	10.224857330322266
112.48712162289303	-395.9927691342309	10.220959663391113
112.577575723466	-395.44296444766223	10.217060089111328
112.577575723466	-394.8434466267936	10.212663650512695
112.84467319707619	-394.23544491641223	10.207732200622559
112.9605255528586	-393.72085751220584	10.203840255737305
113.07040409347974	-393.14160336367786	10.198944091796875
113.07040409347974	-392.5698870541528	10.19455623626709
113.32104496378452	-391.9872759715654	10.189409255981445
113.40213779598707	-391.4103411594406	10.18372631072998
113.47225956321927	-390.83459652913734	10.179033279418945
113.58268741786014	-390.2642535096966	10.173727035522461
113.6960449636681	-389.69101132126525	10.170449256896973
113.81096653145505	-389.07940853992477	10.179734230041504
113.94679264340084	-388.3590411073528	10.159388542175293
114.0916595874005	-387.59784115478396	10.152419090270996
114.25447086640634	-386.73816097993404	10.169882774353027
114.424171489547	-385.8412798764184	10.163233757019043
114.6106872963719	-384.85754574323073	10.136600494384766
114.82789615937509	-383.7116412050091	10.121267318725586
115.0414352818043	-382.58072079345584	10.126447677612305
115.27741245436482	-381.33050717180595	10.13134479522705
115.51835636340547	-380.05145443836227	10.121044158935547
115.81262211123249	-378.4869097596966	10.10876750946045
115.81262211123249	-376.7840899368748	10.096869468688965
116.13284305867273	-376.7840899368748	10.096869468688965
116.47673038649373	-374.95688046049327	10.085138320922852
116.79512027907185	-373.2670000921935	10.065300941467285
117.13765720598167	-371.4516314393841	10.050162315368652
117.49885563168209	-369.53705014288425	10.048452377319336
117.85472111031413	-367.65133846970275	10.045475006103516
118.21218876191415	-365.7588824154809	10.04050350189209
118.58188633306418	-363.9240740672685	10.035573959350586
118.9434662272688	-362.10577572789043	10.031462669372559
119.27879337605555	-360.4013689891435	10.026683807373047
119.66964725771686	-358.5248125931248	10.020681381225586
120.15407566353679	-356.7362688924186	10.014158248901367
120.58993534301408	-355.02667416632175	10.006840705871582
120.97828678402584	-353.4339922806248	9.99712085723877
121.40683750424068	-351.6672686492093	9.985239028930664
121.8288040580228	-349.9391802693717	9.974786758422852
122.2161941935774	-348.36346615850925	9.966314315795898
122.70887760492042	-346.7024248978123	9.960090637207031
123.24179081164766	-344.9088152786717	9.956995010375977
123.67568973696325	-343.3754595662467	9.952792167663574
124.14407352649141	-341.725953951478	9.9483060836792
124.68580631579971	-340.1532915951684	9.943410873413086
125.24444584257435	-338.55764950811863	9.940101623535156
125.76563266990706	-336.9800433041528	9.935750007629395
126.24975590046961	-335.4986285078339	9.931198120117188
126.7513504428789	-333.9727190854028	9.925707817077637
127.25852970388951	-332.43210018984973	9.916637420654297
127.77540592569858	-330.8615130307153	9.907894134521484
127.77540592569858	-329.15854061674327	9.883511543273926
128.33654789195862	-329.15854061674327	9.883511543273926
128.83982853137422	-327.6318682571873	9.868247985839844
129.3177795811789	-326.17981136823073	9.866536140441895
129.8741608062992	-324.4993304107338	9.846758842468262
130.4686432282906	-322.8481158143841	9.83265495300293
131.03533939720364	-321.2311419378966	9.827013969421387
131.03533939720364	-319.602327240631	9.819854736328125
131.63754276570398	-319.602327240631	9.819854736328125
132.28698734537465	-318.01574887055904	9.810103416442871
132.93423466023523	-316.46475399751216	9.803752899169922
133.57318119349657	-315.00250424444675	9.799469947814941
134.17533878627	-313.6119097606279	9.795400619506836
134.87283329234924	-312.04998959368095	9.790074348449707
134.87283329234924	-310.65167416539043	9.78381061553955
135.4912567535648	-310.65167416539043	9.78381061553955
136.14485172578134	-309.23358334368095	9.774950981140137
136.86474613426253	-307.70877255219966	9.76424503326416
137.57989505981095	-306.21014584368095	9.749722480773926
138.19163517153356	-304.9063738710247	9.737606048583984
138.83998112077825	-303.52194393845275	9.727752685546875
139.53984073898755	-302.0292986766435	9.71903133392334
140.24829105619574	-300.52087582461536	9.72659969329834
140.91683964093681	-299.1350726033561	9.715049743652344
141.63174442574382	-297.63388241641223	9.699104309082031
142.38255314069102	-296.0545367123559	9.692946434020996
143.0923614911153	-294.7125567314215	9.687505722045898
143.90313724812586	-293.2062090742402	9.68115234375
144.67649845336564	-291.71335018984973	9.675703048706055
145.44078068027738	-290.22689999453723	9.671780586242676
146.11399845400592	-288.9365862738341	9.666155815124512
146.96972660417669	-287.4980486757122	9.65293025970459
147.79524234955898	-286.0998553163372	9.635834693908691
148.50048832176253	-284.86352718947455	9.618073463439941
149.29119877051562	-283.4716814905405	9.598759651184082
150.03005985624623	-282.1777361766435	9.582290649414062
150.84602360031568	-280.7583025828935	9.564834594726562
151.54649357014569	-279.5629595667124	9.549261093139648
152.34126285923412	-278.1899432078935	9.525873184204102
153.14656070957426	-276.84027279820293	9.495238304138184
154.03434757504147	-275.55179013311863	9.463119506835938
154.78433231730014	-274.41641415515915	9.437787055969238
155.61738590430468	-273.11346615618095	9.414234161376953
156.46395878022304	-271.78637875104323	9.39770221710205
157.31779484113213	-270.45385922538117	9.376967430114746
158.10917667567264	-269.21872128359973	9.361018180847168
158.92416385986144	-267.9541033622809	9.344176292419434
159.8654327809927	-266.5712603465654	9.325615882873535
160.7810821934254	-265.19647397100925	9.307127952575684
161.6490326328203	-263.8825701600872	9.29450511932373
161.6490326328203	-262.52554501453415	9.287078857421875
162.55731205292977	-262.52554501453415	9.287078857421875
163.59681705688126	-261.09543026890606	9.2706937789917
164.58157352771377	-259.705934418831	9.237866401672363
165.57109073823085	-258.2941912547685	9.206110000610352
166.5792694495758	-256.97610653797165	9.172274589538574
167.52447513781954	-255.76930417120457	9.140034675598145
168.52633671084186	-254.44645870896056	9.107096672058105
169.506240886054	-253.13997067091987	9.080109596252441
169.506240886054	-251.82856930419803	9.054801940917969
170.49226383585483	-251.82856930419803	9.054801940917969
171.54011539707426	-250.53190793003887	9.031346321105957
172.57289127644617	-249.26768673863262	9.01082992553711
173.58744816103717	-247.99345577834174	8.991419792175293
174.70222477207426	-246.60975827090442	8.975923538208008
175.75292972836178	-245.30850399564952	8.949583053588867
176.74218754062895	-244.08606137195602	8.925448417663574
177.83070377644617	-242.88099850714207	8.899006843566895
178.93768314586487	-241.70291317580268	8.867838859558105
179.9968719886383	-240.52369870245457	8.83078384399414
181.13619999180082	-239.24159420933574	8.791015625
182.17462162254378	-238.07815731875598	8.756145477294922
183.34021000092616	-236.773958098609	8.717079162597656
184.33926395623712	-235.6544817816466	8.689606666564941
185.4266205233289	-234.4343890082091	8.67081069946289
186.5434723297367	-233.17932309070602	8.63300895690918
186.5434723297367	-231.79889096179977	8.589762687683105
187.77238468523137	-231.79889096179977	8.589762687683105
188.98461918055546	-230.43533504987136	8.557490348815918
189.96379093523137	-229.33616818394512	8.528275489807129
191.19761661835946	-227.94796933000907	8.498377799987793
192.307418864395	-226.70042599597946	8.46742057800293
193.4403839519946	-225.42442501801997	8.438450813293457
194.72651676507667	-224.01274288771674	8.411690711975098
195.93783573317342	-222.66851986851543	8.376781463623047
197.1761169838719	-221.29365719622	8.323904037475586
198.31971744721523	-220.02560605155304	8.27808666229248
199.4452362472657	-218.77877987734973	8.231903076171875
199.4452362472657	-217.4487322694622	8.178973197937012
200.64538578264182	-217.4487322694622	8.178973197937012
201.92317203700077	-216.03273190231994	8.130885124206543
203.17060856177704	-214.64892758149654	8.093905448913574
204.46394352224888	-213.21328915283084	8.034125328063965
205.73846439574845	-211.79756344808266	7.998462200164795
205.73846439574845	-210.2614153744653	7.953752040863037
207.11927799409023	-210.2614153744653	7.953752040863037
208.67756656976417	-208.5292376410216	7.877931118011475
210.07772831304464	-206.97299374407157	7.820523262023926
210.07772831304464	-205.38165463274345	7.770165920257568
211.5083771161735	-205.38165463274345	7.770165920257568
213.07202152448008	-203.64338864106685	7.712428569793701
214.50163273094222	-202.05262936418876	7.666409492492676
215.9305267748423	-200.4512194506824	7.616306781768799
217.48669437679928	-198.63963497942314	7.5543317794799805
219.0443115645321	-196.84480465808883	7.503496170043945
220.5607452801196	-195.10588253848255	7.452973365783691
221.93888858985156	-193.5253619076684	7.404733657836914
223.4563293872634	-191.7832507044077	7.3504767417907715
224.99995426344685	-190.01120175188407	7.293589115142822
226.50868229183834	-188.27813900634646	7.237046241760254
228.01770023495192	-186.54355038469657	7.182369232177734
229.49517826235387	-184.8442095639184	7.128020763397217
230.9432220859453	-183.19949520938098	7.076728343963623
232.31631473900052	-181.72009456995875	7.031838893890381
233.94534305727575	-179.9375017993152	6.977975845336914
235.45620731724193	-178.2720812675543	6.9254560470581055
236.92364506004378	-176.64911068649963	6.8713555335998535
236.92364506004378	-174.87892331229523	6.808904647827148
238.35166935180314	-174.87892331229523	6.808904647827148
238.35166935180314	-173.13478268310428	6.749413013458252
239.61326603160705	-173.13478268310428	6.749413013458252
239.61326603160705	-171.45851315138862	6.687605857849121
240.87818912870716	-171.45851315138862	6.687605857849121
242.26002506585792	-169.66543759126216	6.619507312774658
243.62486271129455	-167.8937853728421	6.556452751159668
244.7926788748009	-166.37193478364497	6.506234169006348
246.1031952307094	-164.6112536303699	6.446704387664795
247.29829410731327	-162.67337216390297	6.380716800689697
248.4169922270812	-160.70523251593113	6.324326992034912
248.4169922270812	-158.89583005011082	6.287818908691406
249.41058353584958	-158.89583005011082	6.287818908691406
250.38650516729103	-157.16887082066387	6.274572372436523
251.34048466052627	-155.28309811512008	6.246230125427246
252.25234989495948	-153.3034685961902	6.195596218109131
253.09338383062277	-151.27203549072146	6.139797687530518
253.87449650117196	-149.47383297840133	6.093683242797852
254.68638614856172	-147.6482561933808	6.046046733856201
255.58143619733164	-145.63891781447455	6.003183364868164
256.3428650314454	-143.91885556047782	5.991861820220947
257.11364750145003	-141.90374936256558	5.978794097900391
257.7430115150055	-140.03517331229523	5.960973262786865
258.41018680721754	-138.17930783471093	5.93307638168335
259.14385990367737	-136.1914385696873	5.9074249267578125
259.816589396738	-134.18742550816387	5.883938312530518
260.38192753167823	-132.38000668538734	5.865999698638916
260.9230347078992	-130.54594601364806	5.847282409667969
261.4702148833312	-128.54811276495457	5.827364444732666
261.96179203287465	-126.82849301304668	5.807417869567871
262.43594364484306	-124.99673642264679	5.781891822814941
262.752166788443	-123.07070339843631	5.755243301391602
263.07003788277507	-121.11576260486618	5.737451553344727
263.4060364176985	-119.32722653262317	5.731595516204834
263.7720947669586	-117.40864743059501	5.730129718780518
264.04623417078983	-115.45745266694576	5.727761745452881
264.21551517787157	-113.67814816441387	5.7319865226745605
264.4193420825759	-111.94974697660655	5.737122535705566
264.6167297764914	-110.19653500244021	5.739945888519287
264.7790527753532	-108.26788510102779	5.7425713539123535
264.8550720617641	-106.46724880998954	5.747199535369873
264.8990478933556	-104.55917538609356	5.755919933319092
264.94235233566724	-103.07509030215442	5.765242576599121
264.9770508208312	-101.19380368152633	5.777832508087158
264.9873657627031	-99.37875546189025	5.7887396812438965
265.00903324387036	-97.89489926118404	5.798496246337891
264.9811706953915	-96.22494686860591	5.809238910675049
264.94003300054464	-94.45565975969657	5.821298122406006
264.87835697451374	-92.81640805024654	5.831387519836426
264.8061829016078	-91.26206387486309	5.842472076416016
264.6612854406703	-89.66662014927715	5.862521171569824
264.53887943481095	-88.08223904529586	5.888062477111816
264.32412723684683	-86.51841153064743	5.91153621673584
264.1068115631351	-84.96051205787808	5.92951774597168
263.8625488682883	-83.44994534226134	5.9389872550964355
263.6484070222359	-82.05442990083247	5.945941925048828
263.42224125168286	-80.4812029725872	5.95797061920166
263.19955448433757	-78.91697109956294	5.9882402420043945
262.97778324311366	-77.36931027332321	6.0098981857299805
262.7643127848278	-75.92126645008102	6.027131080627441
262.4271545808879	-74.26392544619739	6.062808036804199
262.08459476643475	-72.5942782284692	6.074567794799805
262.08459476643475	-71.14231289550662	6.095022678375244
261.4976501862984	-69.51834286330268	6.1293559074401855
261.0598144949181	-67.86268795607612	6.175637245178223
260.6091308990726	-66.39274777378887	6.206444263458252
260.19741825410165	-64.86692227330059	6.250173568725586
259.777648966643	-63.23790921177715	6.29888391494751
259.346832316136	-61.616014373954386	6.346028804779053
258.85397342941724	-60.13892544573173	6.381418704986572
258.4497986237402	-58.89255703659728	6.4111809730529785
257.95950321434066	-57.38861264241859	6.44896936416626
257.4846802169923	-55.95855892961845	6.485908508300781
257.4846802169923	-54.626428498420864	6.5193305015563965
256.9805908605922	-54.626428498420864	6.5193305015563965
256.4432373450254	-53.298559082672	6.5550537109375
255.82434086152352	-52.02740658679977	6.5894975662231445
255.23303226742428	-50.77633465593681	6.623117446899414
254.71875003969762	-49.60113705601543	6.652960300445557
254.71875003969762	-48.39604367129505	6.687166690826416
254.1958465994103	-48.39604367129505	6.687166690826416
253.57739261898678	-46.98445309512317	6.715785026550293
252.99499515886419	-45.734434022102505	6.736690044403076
252.40979007876012	-44.56178463809192	6.764553070068359
251.81056217558216	-43.378389252349734	6.798036575317383
251.19966129463864	-42.21490658354014	6.830117702484131
250.60870365356095	-41.036756408400834	6.86899995803833
250.01280216377927	-39.89560497878119	6.926151275634766
249.34071354207117	-38.756246460136026	6.977145195007324
248.69621280836873	-37.612821471877396	7.024808883666992
248.02903751656413	-36.51144207827747	7.079602241516113
247.43008426972665	-35.48361386265606	7.122014045715332
246.85087589424802	-34.555082213599235	7.155861854553223
246.21632389258593	-33.54250134527683	7.192801475524902
245.55569462128915	-32.586973084602505	7.223559379577637
244.89881900988985	-31.61934269918129	7.251871585845947
244.24505619250704	-30.73116482561454	7.278260707855225
243.65623478149064	-29.941032300703228	7.3022871017456055
243.01004032464698	-29.08318127458915	7.329619407653809
242.3962250155746	-28.2250498640351	7.3577094078063965
241.87542728730477	-27.493562589399517	7.381771087646484
241.2904053137754	-26.67753590270877	7.409322261810303
240.69392399152275	-25.898645296227187	7.436394214630127
240.13436893641483	-25.139690296258777	7.463134765625
239.62588505120948	-24.44210995407775	7.489715099334717
239.0763550217962	-23.691009412519634	7.524106979370117
238.4790497221984	-22.876457107719034	7.5603556632995605
237.95243839442264	-22.16406811354682	7.5810322761535645
237.3157501621754	-21.428094756789505	7.610547065734863
237.3157501621754	-20.823593034408987	7.637650966644287
236.74836734996643	-20.823593034408987	7.637650966644287
236.1474152012961	-20.1203574067913	7.664455413818359
235.56176761817187	-19.440187349449843	7.688774585723877
235.07769779360387	-18.862085236236453	7.709613800048828
234.5209198395023	-18.196258436422795	7.743162155151367
233.97010807297193	-17.539148224517703	7.765538215637207
233.27330021199305	-16.758037460502237	7.793580055236816
232.5325317789102	-15.999624146614224	7.811140537261963
231.89891056227498	-15.295488252770156	7.833627700805664
231.20068363496102	-14.533260239753872	7.864651679992676
230.52719120227266	-13.915827642194927	7.889355659484863
229.913955729804	-13.329496276564896	7.912847995758057
229.25929264246952	-12.651158226188272	7.9423699378967285
228.67309574363753	-12.041303529404104	7.9779767990112305
227.86114506120794	-11.208456886932254	8.021663665771484
226.94619755115127	-10.27070798072964	8.058430671691895
225.92037967930082	-9.215825928375125	8.105229377746582
224.9397278240649	-8.208557976875454	8.150826454162598
223.8588409824879	-7.096710097510368	8.202709197998047
222.61898807727266	-5.821289432700723	8.242816925048828
221.56159977219068	-4.768293751869351	8.28923225402832
220.46060184843373	-3.673764122184366	8.33967399597168
219.27885441173567	-2.488625896163285	8.392878532409668
218.23022465052782	-1.435483348555863	8.441828727722168
217.06965641316492	-0.2731460458599031	8.501836776733398
215.9515991624794	0.8470669258385897	8.563427925109863
214.78465275035705	2.01627193717286	8.611104965209961
214.78465275035705	3.4521940825507045	8.66657543182373
213.35260013927473	3.4521940825507045	8.66657543182373
211.9853821202414	4.823096858803183	8.721870422363281
210.3507690844126	6.461900820955634	8.788856506347656
208.79063419689192	8.025937185622752	8.852471351623535
207.17900089430623	9.641395672690123	8.906713485717773
205.3204956453992	11.393165694084018	8.972090721130371
203.70063785871025	12.85482703242451	9.038766860961914
202.07231144234538	14.352233992423862	9.10689926147461
200.30094913730863	16.059579954016954	9.186151504516602
198.72257999680005	17.577526197768748	9.259312629699707
197.1976776542142	19.03641139063984	9.328191757202148
195.47183231590316	20.71016131527722	9.40484619140625
195.47183231590316	22.167635072488338	9.469173431396484
194.14273075474193	22.167635072488338	9.469173431396484
192.81286625261419	23.6237031086348	9.535057067871094
191.27886966906954	25.26128207333386	9.608121871948242
189.90684513386805	26.678876983001828	9.67303466796875
188.40631107566878	28.237222773954272	9.74470329284668
187.05516056384658	29.54489718610421	9.801931381225586
185.5242462566821	30.98466692958027	9.858451843261719
184.21156315132976	32.19714938243851	9.905645370483398
182.72967533266637	33.593675720039755	9.96096420288086
181.4174805097864	34.89648257289082	10.013086318969727
180.0150757249212	36.283140286803246	10.068666458129883
178.7663116872427	37.50543033145368	10.117109298706055
177.40286259056302	38.837316618300974	10.170080184936523
176.20732120680623	40.006902798544616	10.216873168945312
174.88574222818715	41.29991351207718	10.268878936767578
173.56910709739896	42.58725176937878	10.323692321777344
172.46783451386727	43.668512450531125	10.372635841369629
171.29063419566955	44.95294009288773	10.428448677062988
170.18197635863908	46.22544680675492	10.48474407196045
169.1838074149564	47.317934145219624	10.532999038696289
167.93498234043363	48.61418353533372	10.590677261352539
166.79460148129147	49.73899660911411	10.638964653015137
165.68537906871643	50.85083590308204	10.680765151977539
164.6684723297949	51.882150758523494	10.717324256896973
163.6253662527306	52.942556485533714	10.753445625305176
162.62055973371025	53.963106262963265	10.787445068359375
161.59944156941492	54.999837982002646	10.821406364440918
160.52201847243123	56.092992892023176	10.852625846862793
159.5337982585188	57.066934692207724	10.875232696533203
158.47026066016406	58.11575137311593	10.894100189208984
157.56593326898292	59.016290771309286	10.909744262695312
156.65811161353486	59.92154132062569	10.896212577819824
155.94451908301562	60.63258181652054	10.933540344238281
155.18547062191647	61.3890629876405	10.960000038146973
155.18547062191647	62.09069262864068	10.97187614440918
154.48265079734847	62.09069262864068	10.97187614440918
153.73429874621797	62.838827239349484	10.985906600952148
153.00791935337475	63.56526766810566	11.007499694824219
152.39508060808294	64.1779614542611	11.032761573791504
151.79057316173567	64.78179751522839	11.035386085510254
151.31301883875858	65.2533551310189	11.073663711547852
150.80714420590084	65.6722470400855	11.111003875732422
150.34536747133825	65.98531924560666	11.124422073364258
149.88827518757898	66.32950412109494	11.14084243774414
149.4273376861238	66.71652804547921	11.164532661437988
148.96743778511882	67.02207766566426	11.184587478637695
148.5217438157415	67.23895846493542	11.199043273925781
148.02386478643166	67.40378390206024	11.212636947631836
147.55546573991887	67.5233288849704	11.229552268981934
147.1293030200759	67.62458621151745	11.244417190551758
146.73361210071016	67.65777408145368	11.253277778625488
146.3172607832821	67.62081729015335	11.25738525390625
145.96516422595596	67.56013308884576	11.262812614440918
145.66117862868123	67.53209506254643	11.268718719482422
145.13288883352652	67.38609896646813	11.270000457763672
144.72953800379764	67.19009219342843	11.275542259216309
144.37614445073996	67.0875073550269	11.278874397277832
143.94499210675713	66.94630251871422	11.29173755645752
143.43553165660705	66.71694003231823	11.282645225524902
142.99565128504764	66.53334627859294	11.287609100341797
142.5662384435418	66.32263003569096	11.291526794433594
142.25399784417823	66.13928805477917	11.299542427062988
141.98338321916526	65.96510134916753	11.287453651428223
141.67005924449768	65.80107699614018	11.288359642028809
141.37768558692187	65.68525515776128	11.290139198303223
141.07070926821325	65.58687411388382	11.287662506103516
140.77301029470982	65.48082553083077	11.29433536529541
140.28312687249854	65.25037203961983	11.310229301452637
139.73738102195784	64.92875491315499	11.290487289428711
139.27459720760817	64.656164271757	11.287016868591309
138.78268436784856	64.4059125026688	11.294419288635254
138.26568607706577	64.08402835065499	11.29865837097168
137.83898929867428	63.72711383039132	11.301617622375488
137.50146488496102	63.34308444196358	11.302921295166016
137.17979435343295	62.88710223417729	11.308693885803223
137.17979435343295	62.42479907069355	11.323254585266113
136.80903629551176	62.42479907069355	11.323254585266113
136.3838196201832	61.97139941435307	11.309745788574219
135.93150333606172	61.56563387764618	11.308233261108398
135.51708988368046	61.21304903971031	11.310809135437012
134.91041568940273	60.68742190441117	11.320125579833984
134.91041568940273	60.00403033429757	11.29854679107666
134.16113285382744	60.00403033429757	11.29854679107666
133.55024723371025	59.37660037027672	11.264087677001953
132.83702091488522	58.699747192207724	11.24254322052002
132.1238708900055	58.00161181250587	11.221427917480469
131.5416107585188	57.3186436756514	11.196030616760254
130.90107731049648	56.58481799252331	11.170291900634766
130.21337894711178	55.8724499787204	11.145694732666016
129.54776005074382	55.18548022489995	11.117588996887207
128.81169132440118	54.416750059928745	11.099949836730957
127.97039036126807	53.537901032716036	11.06541633605957
127.0718384188367	52.59768496500328	11.005146980285645
126.31156162626576	51.712129699997604	10.961259841918945
125.42391208803747	50.66980945086107	10.914568901062012
124.57715610705782	49.72093783598393	10.867836952209473
123.70088199980091	48.74576770281419	10.817174911499023
122.813224832993	47.75292025646195	10.763650894165039
121.92698673496488	46.7600766280666	10.7068452835083
121.92698673496488	45.75002108467743	10.645482063293457
121.02928165625781	45.75002108467743	10.645482063293457
120.1530456947512	44.65473757870495	10.583392143249512
119.2301102100173	43.49895678786561	10.490704536437988
118.35654453566531	42.4463063320145	10.396201133728027
117.50979618274141	41.432527645956725	10.296943664550781
116.56737522454932	40.300863372161984	10.176793098449707
115.55392460071016	39.029405700042844	10.043107986450195
114.65078739332967	37.69270907295868	9.893916130065918
113.7371597707388	36.31941424589604	9.730025291442871
112.77226261387113	34.95514117134735	9.568724632263184
111.92353062011534	33.76761065796018	9.427330017089844
110.97218326822622	32.428899868391454	9.267121315002441
109.94245914684143	30.84520922601223	9.082958221435547
109.13018039986491	29.258306610863656	8.907942771911621
108.34596256446093	27.693697082344443	8.738678932189941
107.49654392467346	26.13014040933922	8.569632530212402
106.62371067225467	24.58871470578015	8.404219627380371
105.76200870855246	23.115470990538597	8.240602493286133
104.84415439894656	21.511133301537484	8.047064781188965
103.84713749174261	19.767179595306516	7.830010890960693
102.9281692901859	18.13630114728585	7.616490840911865
102.1191406659782	16.540075411554426	7.425253868103027
101.24164585367544	14.86107073770836	7.24286413192749
100.31675724190427	13.035753358155489	7.055107593536377
99.5724411411793	11.13097964413464	6.867220401763916
99.08743290172424	9.246036638040096	6.686412811279297
98.69376377330627	7.40338145243004	6.511281967163086
98.16967014514375	5.398039927240461	6.3114190101623535
97.60647587105632	3.433133707847446	6.115662097930908
97.03924564702902	1.5072258575819433	5.923682689666748
96.46331791160628	-0.3063713447190821	5.741091251373291
95.78793338919058	-2.4387978431768715	5.5298871994018555
95.08423618687084	-4.4492167346179485	5.328490734100342
94.38533787021879	-6.424907579086721	5.1234002113342285
93.66356662940234	-8.508305442519486	4.9035515785217285
93.0491485997336	-10.455035101622343	4.701103210449219
92.37229160632705	-12.626159561797976	4.4764275550842285
91.72499088582117	-14.741283310577273	4.258584976196289
91.21260837878799	-16.720006837509573	4.057564735412598
90.74706272303592	-19.120841874741018	3.823829174041748
90.33561710605863	-21.358341110870242	3.607212781906128
89.89160160312895	-23.583511247765273	3.3974051475524902
89.52259830810362	-25.745588198304176	3.2031219005584717
89.25595096917823	-28.015901458915323	3.005727767944336
89.13700107787736	-30.440160647965968	2.8055546283721924
88.99913028930314	-32.761464966926724	2.616617441177368
88.82302860444179	-35.254766357596964	2.4249184131622314
88.66415409307228	-37.460729495156556	2.252272605895996
88.5378494670731	-39.24659146135673	2.138620376586914
88.42971042951103	-40.7789591695182	2.065955638885498
88.35334019066067	-42.02063549589366	2.01910400390625
88.3755264696083	-43.19754971237853	1.9838447570800781
88.42443088861182	-44.363355530425906	1.922404408454895
88.4157333788462	-45.65772045822814	1.8528673648834229
88.39897159906104	-46.780698670540005	1.7979705333709717
88.38684849091806	-47.96425427449867	1.7400063276290894
88.37664035987109	-49.18189037870616	1.6799328327178955
88.42019657487981	-50.36868084734306	1.6236810684204102
88.46175388543634	-51.550676237326115	1.571549654006958
88.48081211315002	-52.69027127278969	1.5248152017593384
88.49832157464698	-53.84536160342395	1.4767348766326904
88.52143101021647	-55.1501063243486	1.4245847463607788
88.59176639746875	-56.353307619690895	1.3764487504959106
88.6739578662673	-57.55293072434142	1.3252934217453003
88.72800449724309	-58.72962750354782	1.274200201034546
88.78215793822892	-60.01794995274395	1.218825340270996
88.83220676763449	-61.14090908970684	1.1697646379470825
88.88510898908135	-62.330186736769974	1.1173808574676514
88.93465427710908	-63.449140444397926	1.0511422157287598
88.97107700514607	-64.24611081322655	0.992830753326416
88.99301914440002	-64.68617428885773	0.9748018980026245
89.01513675984461	-65.15763272391632	1.030869483947754
89.04067997133825	-65.70875729667023	1.0034492015838623
89.07640079676639	-66.46935452381149	0.9689451456069946
89.11970524047501	-67.3817843333818	0.9269866943359375
89.15747837314848	-68.38408078113571	0.8877124786376953
89.14384464512113	-69.3020953075029	0.8648152351379395
89.15904239943484	-70.18631161609665	0.8454253673553467
89.1695938516641	-71.08484829822555	0.8265732526779175
89.19080356881022	-72.07602871675044	0.8049532771110535
89.17737583362032	-72.99722470343113	0.7870199084281921
89.0744095260743	-73.89375485247001	0.7765209078788757
88.87005619204137	-74.7520235911943	0.7671627402305603
88.87005619204137	-75.68371762288734	0.7568363547325134
88.33357242878992	-76.46360196080059	0.7491503953933716
87.96269230073085	-77.21499813953415	0.7475799322128296
87.47794346231967	-77.88637722842395	0.7537835836410522
86.91142276936444	-78.4251574408263	0.7632570266723633
86.32199863746064	-78.80007351841778	0.7736772298812866
85.76148990821093	-79.03457058640197	0.7890232801437378
85.23886112414766	-79.19082059012726	0.8085070848464966
84.74096683703829	-79.35428036330268	0.8338303565979004
84.29842380806804	-79.5342043787241	0.8517523407936096
83.90033726050751	-79.73253048583865	0.8654756546020508
83.53525547398021	-79.95571316638961	0.8821266293525696
83.18474582978524	-80.20443905564025	0.8985115885734558
82.89668277988676	-80.40681637590751	0.9122467041015625
82.58875278709456	-80.61602963274345	0.9268302917480469
82.26147464988753	-80.84166134521365	0.9344179630279541
81.97465519199613	-81.03946865955368	0.9367395043373108
81.69334415672347	-81.21302212588489	0.9426422715187073
81.3981247349875	-81.35497463867068	0.9523914456367493
81.1224670811207	-81.50303829926997	0.959444522857666
80.86145786440466	-81.6574877621606	0.9657201170921326
80.57943729753606	-81.77810849109665	0.9721124768257141
80.089775126311	-81.92058743303642	0.9797607064247131
79.68253330385778	-82.05513943685219	0.9720901846885681
79.96698765037581	-81.9133471394889	0.9786272048950195
