-239.277099609375	-140.2830352783203
-238.99957275390625	-140.15211486816406
-238.6956024169922	-140.0087127685547
-238.3885955810547	-139.8638916015625
-238.0586700439453	-139.70826721191406
-237.69386291503906	-139.53616333007812
-237.436279296875	-139.353515625
-237.10791015625	-139.259765625
-236.77841186523438	-139.10433959960938
-236.50579833984375	-138.97573852539062
-236.22805786132812	-138.84471130371094
-235.8628692626953	-138.6724395751953
-235.46151733398438	-138.48312377929688
-235.0529022216797	-138.2903289794922
-234.7244873046875	-138.1354217529297
-234.38525390625	-137.97535705566406
-234.0537109375	-137.81832885742188
-233.79180908203125	-137.6532745361328
-233.43405151367188	-137.51705932617188
-233.15634155273438	-137.3779296875
-232.87811279296875	-137.2369384765625
-232.57887268066406	-137.0847930908203
-232.28175354003906	-136.9341278076172
-232.00314331054688	-136.79342651367188
-231.7306671142578	-136.65623474121094
-231.41891479492188	-136.4998321533203
-231.14324951171875	-136.3619384765625
-230.8343505859375	-136.20733642578125
-230.38949584960938	-135.98434448242188
-230.09622192382812	-135.8370361328125
-229.75961303710938	-135.66726684570312
-229.38262939453125	-135.47628784179688
-229.06243896484375	-135.3137969970703
-228.71234130859375	-135.13609313964844
-228.36167907714844	-134.95809936523438
-227.99029541015625	-134.76968383789062
-227.61241149902344	-134.57803344726562
-227.34181213378906	-134.44082641601562
-226.8411407470703	-134.18702697753906
-226.5689239501953	-134.049072265625
-226.30035400390625	-133.91294860839844
-226.00006103515625	-133.76068115234375
-225.60577392578125	-133.56015014648438
-225.1927032470703	-133.34811401367188
-224.89474487304688	-133.19296264648438
-224.6082763671875	-133.04196166992188
-224.33021545410156	-132.89393615722656
-224.014404296875	-132.7245330810547
-223.73545837402344	-132.57443237304688
-223.43959045410156	-132.41500854492188
-223.1181182861328	-132.24151611328125
-222.79214477539062	-132.0647735595703
-222.321044921875	-131.80667114257812
-222.03746032714844	-131.64903259277344
-221.69871520996094	-131.45880126953125
-221.3964080810547	-131.28756713867188
-221.05661010742188	-131.09408569335938
-220.72750854492188	-130.90606689453125
-220.40542602539062	-130.7212677001953
-220.06744384765625	-130.52566528320312
-219.74258422851562	-130.33555603027344
-219.25347900390625	-130.04400634765625
-218.92599487304688	-129.84393310546875
-218.61041259765625	-129.64678955078125
-218.296142578125	-129.44532775878906
-217.94943237304688	-129.2165985107422
-217.66387939453125	-129.02330017089844
-217.35812377929688	-128.81166076660156
-217.05723571777344	-128.5994415283203
-216.7299041748047	-128.3655242919922
-216.44400024414062	-128.15963745117188
-216.13125610351562	-127.93385314941406
-215.8394775390625	-127.72319030761719
-215.53787231445312	-127.50529479980469
-215.20419311523438	-127.26315307617188
-214.93682861328125	-127.06763458251953
-214.647216796875	-126.85350799560547
-214.31329345703125	-126.60243225097656
-214.02621459960938	-126.38208770751953
-213.72720336914062	-126.14738464355469
-213.4459991455078	-125.92039489746094
-213.1739044189453	-125.6946792602539
-212.90550231933594	-125.46551513671875
-212.59983825683594	-125.19517517089844
-212.32720947265625	-124.945068359375
-212.08828735351562	-124.71883392333984
-211.86004638671875	-124.49508666992188
-211.4317626953125	-124.05604553222656
-211.0793914794922	-123.67401123046875
-210.83917236328125	-123.40164947509766
-210.61083984375	-123.13420867919922
-210.39425659179688	-122.87274932861328
-210.16795349121094	-122.59188079833984
-209.9261474609375	-122.28456115722656
-209.63027954101562	-121.90040588378906
-209.41937255859375	-121.62283325195312
-209.10049438476562	-121.20040893554688
-208.89662170410156	-120.929931640625
-208.685302734375	-120.64917755126953
-208.45535278320312	-120.34229278564453
-208.27438354492188	-120.09874725341797
-208.04547119140625	-119.78703308105469
-207.86451721191406	-119.53678131103516
-207.64547729492188	-119.22789001464844
-207.4556884765625	-118.95516967773438
-207.4556884765625	-118.63507843017578
-207.1564483642578	-118.51770782470703
-206.94741821289062	-118.2088623046875
-206.61825561523438	-117.72077941894531
-206.43658447265625	-117.451416015625
-206.2127227783203	-117.119873046875
-206.01246643066406	-116.82372283935547
-205.79052734375	-116.49583435058594
-205.54617309570312	-116.13470458984375
-205.29315185546875	-115.7593994140625
-205.08697509765625	-115.45137786865234
-204.87136840820312	-115.12527465820312
-204.58883666992188	-114.69066619873047
-204.36033630371094	-114.33078002929688
-204.1420135498047	-113.97827911376953
-203.92506408691406	-113.61787414550781
-203.82774353027344	-113.24420166015625
-203.51483154296875	-112.9010009765625
-203.33419799804688	-112.56782531738281
-203.1734161376953	-112.26068115234375
-202.9896240234375	-111.897216796875
-202.81173706054688	-111.5325927734375
-202.6033172607422	-111.08700561523438
-202.4120635986328	-110.66065979003906
-202.25245666503906	-110.293701171875
-202.06878662109375	-109.85835266113281
-201.94189453125	-109.54920959472656
-201.80308532714844	-109.20423889160156
-201.62835693359375	-108.76068115234375
-201.4690704345703	-108.34881591796875
-201.28997802734375	-107.87698364257812
-201.14576721191406	-107.48773193359375
-201.00704956054688	-107.10343933105469
-200.86460876464844	-106.69537353515625
-200.72242736816406	-106.2693099975586
-200.606201171875	-105.904052734375
-200.48577880859375	-105.5059814453125
-200.36964416503906	-105.0965576171875
-200.2735595703125	-104.73480224609375
-200.2735595703125	-104.35498046875
-200.09555053710938	-103.99253845214844
-199.9615478515625	-103.34584045410156
-199.89125061035156	-102.9638442993164
-199.83505249023438	-102.62644958496094
-199.75611877441406	-102.09650421142578
-199.734375	-101.69024658203125
-199.66090393066406	-101.33759307861328
-199.59844970703125	-100.75209045410156
-199.55624389648438	-100.31990814208984
-199.52413940429688	-99.97315979003906
-199.4884033203125	-99.56449127197266
-199.4576873779297	-99.18749237060547
-199.41488647460938	-98.58202362060547
-199.39218139648438	-98.18898010253906
-199.374755859375	-97.8125
-199.35830688476562	-97.23561096191406
-199.35426330566406	-96.83526611328125
-199.3568115234375	-96.43970489501953
-199.36648559570312	-96.02082061767578
-199.38372802734375	-95.58633422851562
-199.40354919433594	-95.2182388305664
-199.4306640625	-94.81710815429688
-199.4627227783203	-94.41617584228516
-199.4998016357422	-94.01126861572266
-199.53988647460938	-93.61619567871094
-199.58663940429688	-93.18641662597656
-199.60867309570312	-92.76404571533203
-199.69940185546875	-92.20549774169922
-199.74819946289062	-91.78326416015625
-199.7994384765625	-91.33382415771484
-199.84686279296875	-90.9112548828125
-199.90103149414062	-90.42378997802734
-199.94232177734375	-90.05042266845703
-199.98715209960938	-89.64385986328125
-200.02935791015625	-89.26091003417969
-200.07272338867188	-88.86788177490234
-200.12261962890625	-88.41635131835938
-200.12261962890625	-87.9364242553711
-200.22427368164062	-87.49937438964844
-200.2728271484375	-87.06297302246094
-200.32177734375	-86.62389373779297
-200.37368774414062	-86.15904235839844
-200.4185791015625	-85.7578125
-200.4683074951172	-85.31392669677734
-200.51324462890625	-84.91316986083984
-200.5458526611328	-84.40319061279297
-200.612060546875	-84.03968048095703
-200.66383361816406	-83.59800720214844
-200.71670532226562	-83.16532897949219
-200.77224731445312	-82.73199462890625
-200.82855224609375	-82.30965423583984
-200.8616943359375	-81.88421630859375
-200.95309448242188	-81.40184783935547
-201.0127716064453	-80.97270965576172
-201.07252502441406	-80.54955291748047
-201.13526916503906	-80.11691284179688
-201.20758056640625	-79.63735961914062
-201.2655029296875	-79.26724243164062
-201.3739013671875	-78.59245300292969
-201.47515869140625	-77.97056579589844
-201.53968811035156	-77.57490539550781
-201.60769653320312	-77.15769958496094
-201.67544555664062	-76.74141693115234
-201.7449951171875	-76.31322479248047
-201.8136749267578	-75.88941955566406
-201.87916564941406	-75.48432922363281
-201.9484405517578	-75.05512237548828
-202.01988220214844	-74.61202239990234
-202.07989501953125	-74.2391357421875
-202.12054443359375	-73.79689025878906
-202.21604919433594	-73.39250946044922
-202.28465270996094	-72.96583557128906
-202.3504638671875	-72.55667114257812
-202.38613891601562	-72.12876892089844
-202.45237731933594	-71.51206970214844
-202.592041015625	-71.05575561523438
-202.65260314941406	-70.67973327636719
-202.71871948242188	-70.26953887939453
-202.7855224609375	-69.8550033569336
-202.8542938232422	-69.42803955078125
-202.91897583007812	-69.02471923828125
-202.98513793945312	-68.60739135742188
-203.0590057373047	-68.12908935546875
-203.10946655273438	-67.78968811035156
-203.171630859375	-67.35072326660156
-203.1972198486328	-66.958740234375
-203.29562377929688	-66.36116027832031
-203.34481811523438	-65.90978240966797
-203.38246154785156	-65.54060363769531
-203.4365692138672	-64.984130859375
-203.46743774414062	-64.66004180908203
-203.51889038085938	-64.11763000488281
-203.56085205078125	-63.67694091796875
-203.6031036376953	-63.23633575439453
-203.65139770507812	-62.737369537353516
-203.68624877929688	-62.38051223754883
-203.7239532470703	-61.99654006958008
-203.7639923095703	-61.591304779052734
-203.7639923095703	-61.16877746582031
-203.84446716308594	-60.782005310058594
-203.88833618164062	-60.34209060668945
-203.95059204101562	-59.715118408203125
-203.9915313720703	-59.292503356933594
-204.02635192871094	-58.91986083984375
-204.06173706054688	-58.515926361083984
-204.074462890625	-58.15496063232422
-204.12673950195312	-57.65526580810547
-204.14614868164062	-57.34640121459961
-204.1680908203125	-56.957313537597656
-204.192626953125	-56.466819763183594
-204.20669555664062	-56.16606903076172
-204.22793579101562	-55.70057678222656
-204.24378967285156	-55.35080337524414
-204.24378967285156	-54.881690979003906
-204.2800750732422	-54.55910873413086
-204.3023223876953	-54.08392333984375
-204.31842041015625	-53.745277404785156
-204.33599853515625	-53.380157470703125
-204.34561157226562	-52.98729705810547
-204.37767028808594	-52.528690338134766
-204.39935302734375	-52.0909423828125
-204.41659545898438	-51.74363327026367
-204.43666076660156	-51.334564208984375
-204.4560546875	-50.92089080810547
-204.47378540039062	-50.50762939453125
-204.49313354492188	-49.96588897705078
-204.5037841796875	-49.558265686035156
-204.50997924804688	-49.19709396362305
-204.50997924804688	-48.78203582763672
-204.51258850097656	-48.40056228637695
-204.50257873535156	-47.42897033691406
-204.49627685546875	-46.996463775634766
-204.49061584472656	-46.656280517578125
-204.48443603515625	-46.33634567260742
-204.47560119628906	-45.96266174316406
-204.4645233154297	-45.590370178222656
-204.44952392578125	-45.190635681152344
-204.43174743652344	-44.81874084472656
-204.40948486328125	-44.440303802490234
-204.39630126953125	-44.055419921875
-204.34942626953125	-43.67314147949219
-204.31158447265625	-43.291046142578125
-204.26901245117188	-42.909053802490234
-204.24725341796875	-42.529911041259766
-204.17486572265625	-42.16746520996094
-204.1181640625	-41.754398345947266
-204.06735229492188	-41.39274597167969
-204.00924682617188	-40.979774475097656
-203.98367309570312	-40.59858322143555
-203.90252685546875	-40.21436309814453
-203.84405517578125	-39.78954315185547
-203.8164520263672	-39.40280532836914
-203.73171997070312	-38.96503448486328
-203.68099975585938	-38.589656829833984
-203.6219024658203	-38.150699615478516
-203.59715270996094	-37.76557540893555
-203.51515197753906	-37.35572814941406
-203.4596710205078	-36.94190979003906
-203.4011993408203	-36.50555419921875
-203.30520629882812	-35.790889739990234
-203.25482177734375	-35.41777801513672
-203.19712829589844	-34.99617385864258
-203.19712829589844	-34.510738372802734
-203.07681274414062	-34.157997131347656
-203.01760864257812	-33.77075958251953
-202.9535675048828	-33.37317657470703
-202.92779541015625	-33.03622055053711
-202.84439086914062	-32.73003005981445
-202.76052856445312	-32.25339889526367
-202.7030487060547	-31.930086135864258
-202.635009765625	-31.549095153808594
-202.5443572998047	-31.04486083984375
-202.48236083984375	-30.704256057739258
-202.4275665283203	-30.408126831054688
-202.3128662109375	-29.809202194213867
-202.23834228515625	-29.437572479248047
-202.17660522460938	-29.142053604125977
-202.06033325195312	-28.614425659179688
-201.95387268066406	-28.16485595703125
-201.83668518066406	-27.704086303710938
-201.74920654296875	-27.380287170410156
-201.6611785888672	-27.072486877441406
-201.53988647460938	-26.67047691345215
-201.4249267578125	-26.312171936035156
-201.2995147705078	-25.942752838134766
-201.15863037109375	-25.55044174194336
-201.02720642089844	-25.203615188598633
-200.8822021484375	-24.840087890625
-200.73556518554688	-24.489307403564453
-200.58242797851562	-24.139568328857422
-200.58242797851562	-23.78594207763672
-200.3353729248047	-23.606857299804688
-200.15252685546875	-23.23403549194336
-199.92062377929688	-22.785232543945312
-199.73651123046875	-22.446086883544922
-199.5537567138672	-22.122840881347656
-199.23085021972656	-21.583202362060547
-199.04843139648438	-21.29328155517578
-198.85641479492188	-20.997314453125
-198.66342163085938	-20.70913314819336
-198.41888427734375	-20.353302001953125
-198.18280029296875	-20.017547607421875
-197.98097229003906	-19.73467254638672
-197.8574981689453	-19.442352294921875
-197.578857421875	-19.178424835205078
-197.38580322265625	-18.91466522216797
-197.15396118164062	-18.601314544677734
-196.93588256835938	-18.310640335083008
-196.69061279296875	-17.98867416381836
-196.4881591796875	-17.726032257080078
-196.2563934326172	-17.427417755126953
-196.06419372558594	-17.180723190307617
-195.81130981445312	-16.85650634765625
-195.60195922851562	-16.58843231201172
-195.39837646484375	-16.328624725341797
-195.15985107421875	-16.026212692260742
-194.94468688964844	-15.756105422973633
-194.70730590820312	-15.462867736816406
-194.47674560546875	-15.18244457244873
-194.36123657226562	-14.885912895202637
-194.00462341308594	-14.619354248046875
-193.7425079345703	-14.310772895812988
-193.4520263671875	-13.970081329345703
-193.12625122070312	-13.588249206542969
-192.86801147460938	-13.285300254821777
-192.74513244628906	-12.988686561584473
-192.36700439453125	-12.696694374084473
-192.11083984375	-12.395305633544922
-191.853515625	-12.092206001281738
-191.5968017578125	-11.789573669433594
-191.35540771484375	-11.504803657531738
-191.0647430419922	-11.16171932220459
-190.7627716064453	-10.805099487304688
-190.4461669921875	-10.431200981140137
-190.09210205078125	-10.013145446777344
-189.81698608398438	-9.688390731811523
-189.56710815429688	-9.393508911132812
-189.295654296875	-9.073314666748047
-189.00619506835938	-8.73226261138916
-188.8878631591797	-8.44087028503418
-188.48300170898438	-8.119365692138672
-188.21961975097656	-7.814330101013184
-187.9326934814453	-7.485783576965332
-187.5488739013672	-7.054492950439453
-187.29470825195312	-6.773719787597656
-187.03195190429688	-6.487272262573242
-186.77679443359375	-6.21156644821167
-186.4901580810547	-5.903815746307373
-186.1846923828125	-5.576647758483887
-185.9261016845703	-5.299903392791748
-185.64724731445312	-5.001302242279053
-185.35089111328125	-4.683631896972656
-185.18038940429688	-4.2866010665893555
-184.87261962890625	-4.16993522644043
-184.60879516601562	-3.8861846923828125
-184.32949829101562	-3.5855660438537598
-184.0315704345703	-3.2648370265960693
-183.73631286621094	-2.9470181465148926
-183.44174194335938	-2.6299333572387695
-183.2161407470703	-2.3870620727539062
-182.82571411132812	-1.9667401313781738
-182.5453643798828	-1.6649558544158936
-182.17681884765625	-1.268252968788147
-182.17681884765625	-0.9400098323822021
-181.8717803955078	-0.9400098323822021
-181.6201171875	-0.6692601442337036
-181.3667755126953	-0.3967314064502716
-180.88865661621094	0.11745470017194748
-180.6090545654297	0.4181074798107147
-180.4879150390625	0.7120330333709717
-180.00241088867188	1.0703481435775757
-179.69140625	1.4047211408615112
-179.46046447753906	1.653001308441162
-179.0885467529297	2.0529963970184326
-178.86944580078125	2.289141893386841
-178.53590393066406	2.6504650115966797
-178.27276611328125	2.9381706714630127
-177.98036193847656	3.2620553970336914
-177.6900634765625	3.5890519618988037
-177.43211364746094	3.885355234146118
-177.160888671875	4.203056812286377
-176.84909057617188	4.575575828552246
-176.610595703125	4.8648552894592285
-176.3430633544922	5.192475318908691
-176.10169982910156	5.489537239074707
-175.84234619140625	5.810117721557617
-175.5806121826172	6.135526180267334
-175.2723846435547	6.522694110870361
-175.0151824951172	6.850265979766846
-174.75314331054688	7.1901140213012695
-174.52041625976562	7.497682571411133
-174.2965850830078	7.799687385559082
-174.0303955078125	8.166619300842285
-173.81173706054688	8.473480224609375
-173.533203125	8.870652198791504
-173.28387451171875	9.230892181396484
-173.2005615234375	9.569845199584961
-172.89407348632812	9.803417205810547
-172.67279052734375	10.134868621826172
-172.46575927734375	10.450592041015625
-172.46575927734375	10.836606979370117
-172.10902404785156	11.007211685180664
-171.8947296142578	11.347969055175781
-171.6920623779297	11.673501968383789
-171.472412109375	12.027816772460938
-171.25408935546875	12.3805513381958
-171.04541015625	12.717865943908691
-170.82762145996094	13.070874214172363
-170.61354064941406	13.42007064819336
-170.23606872558594	14.046887397766113
-170.0653076171875	14.337549209594727
-169.86184692382812	14.690035820007324
-169.86184692382812	15.115939140319824
-169.54013061523438	15.266937255859375
-169.3412322998047	15.63762092590332
-169.03965759277344	16.22442626953125
-168.8994140625	16.509687423706055
-168.68386840820312	16.96292495727539
-168.460205078125	17.452348709106445
-168.303955078125	17.804065704345703
-168.19406127929688	18.54988670349121
-167.89524841308594	18.74636459350586
-167.73199462890625	19.125219345092773
-167.54037475585938	19.568450927734375
-167.36781311035156	19.96603012084961
-167.2065887451172	20.33649444580078
-167.0310516357422	20.739065170288086
-166.86212158203125	21.12594985961914
-166.68092346191406	21.54108428955078
-166.5030975341797	21.9500675201416
-166.3107452392578	22.397106170654297
-166.15655517578125	22.76161003112793
-165.99160766601562	23.158700942993164
-165.7554931640625	23.74603843688965
-165.59115600585938	24.171241760253906
-165.44247436523438	24.569992065429688
-165.26852416992188	25.056900024414062
-165.13348388671875	25.45056915283203
-165.00379943847656	25.839590072631836
-164.80294799804688	26.459379196166992
-164.7291259765625	26.860637664794922
-164.54098510742188	27.285144805908203
-164.54098510742188	27.685808181762695
-164.35484313964844	28.12950897216797
-164.16920471191406	28.50533103942871
-164.04730224609375	28.929052352905273
-163.93325805664062	29.341712951660156
-163.81349182128906	29.7944278717041
-163.71304321289062	30.191125869750977
-163.6021728515625	30.64419937133789
-163.491455078125	31.110057830810547
-163.45343017578125	31.738380432128906
-163.24752807617188	32.162269592285156
-163.19366455078125	32.601078033447266
-163.05328369140625	33.00422668457031
-162.9518585205078	33.443016052246094
-162.87771606445312	33.764610290527344
-162.7606201171875	34.278221130371094
-162.62725830078125	34.88100814819336
-162.58189392089844	35.31535339355469
-162.43521118164062	35.81391525268555
-162.33001708984375	36.37415313720703
-162.26454162597656	36.74724578857422
-162.23565673828125	37.19041442871094
-162.1617889404297	37.76958465576172
-162.04647827148438	38.21977233886719
-162.01402282714844	38.65180587768555
-161.9432830810547	39.115570068359375
-161.89939880371094	39.567813873291016
-161.85986328125	40.02497863769531
-161.82723999023438	40.44636917114258
-161.79293823242188	40.925697326660156
-161.76016235351562	41.41102981567383
-161.73484802246094	41.804691314697266
-161.71640014648438	42.10566711425781
-161.6866455078125	42.63337707519531
-161.65313720703125	43.33493423461914
-161.63705444335938	43.76567840576172
-161.6228790283203	44.2999267578125
-161.6160430908203	44.73685073852539
-161.61390686035156	45.44845199584961
-161.61753845214844	45.92020797729492
-161.62518310546875	46.45895767211914
-161.63265991210938	46.87453842163086
-161.64227294921875	47.344696044921875
-161.64227294921875	47.78861999511719
-161.66604614257812	48.254878997802734
-161.68316650390625	48.7403678894043
-161.7030029296875	49.203372955322266
-161.72698974609375	49.662052154541016
-161.75880432128906	50.170223236083984
-161.7833251953125	50.51142120361328
-161.79986572265625	50.955352783203125
-161.88973999023438	51.73894119262695
-161.93270874023438	52.17904281616211
-161.97866821289062	52.63140869140625
-162.02880859375	53.101837158203125
-162.0520782470703	53.542659759521484
-162.13487243652344	54.020225524902344
-162.2008056640625	54.539955139160156
-162.26988220214844	55.04783630371094
-162.33489990234375	55.50151824951172
-162.39617919921875	55.91415786743164
-162.4506378173828	56.27365493774414
-162.52381896972656	56.75123596191406
-162.59339904785156	57.20360565185547
-162.69918823242188	57.891265869140625
-162.77674865722656	58.39689636230469
-162.8386688232422	58.80181884765625
-162.9200897216797	59.33623504638672
-162.99740600585938	59.84571838378906
-163.06092834472656	60.265357971191406
-163.10897827148438	60.58283996582031
-163.17425537109375	61.011268615722656
-163.258544921875	61.551177978515625
-163.32754516601562	61.978694915771484
-163.40866088867188	62.45914077758789
-163.49493408203125	62.9444580078125
-163.58351135253906	63.41689682006836
-163.68495178222656	63.92684555053711
-163.7788543701172	64.37332916259766
-163.82920837402344	64.91441345214844
-164.04306030273438	65.54576873779297
-164.15403747558594	66.0181884765625
-164.27732849121094	66.53897094726562
-164.37673950195312	66.95793151855469
-164.49404907226562	67.45262908935547
-164.60435485839844	67.91911315917969
-164.72633361816406	68.43743133544922
-164.84173583984375	68.92984008789062
-164.9418487548828	69.35783386230469
-165.06443786621094	69.88097381591797
-165.17703247070312	70.35724639892578
-165.29367065429688	70.84278869628906
-165.35812377929688	71.59847259521484
-165.54617309570312	71.8513412475586
-165.62509155273438	72.15303039550781
-165.746337890625	72.60308837890625
-165.8919677734375	73.1218490600586
-166.03672790527344	73.61740112304688
-166.1878204345703	74.1148452758789
-166.3301239013672	74.56456756591797
-166.49630737304688	75.06914520263672
-166.68115234375	75.60613250732422
-166.94615173339844	76.33499145507812
-167.10704040527344	76.75566864013672
-167.30445861816406	77.25288391113281
-167.47964477539062	77.6767578125
-167.5974884033203	77.95407104492188
-167.7825927734375	78.37771606445312
-168.08958435058594	79.05042266845703
-168.19931030273438	79.94390869140625
-168.5224151611328	79.94390869140625
-168.74462890625	80.3792953491211
-168.96072387695312	80.78900146484375
-169.20281982421875	81.23307037353516
-169.44131469726562	81.6546859741211
-169.69061279296875	82.08035278320312
-169.9444580078125	82.49917602539062
-170.19284057617188	82.89515686035156
-170.35305786132812	83.32502746582031
-170.5997314453125	83.51997375488281
-170.8885955810547	83.94869995117188
-171.15890502929688	84.34168243408203
-171.44992065429688	84.75994873046875
-171.74461364746094	85.18094635009766
-172.00714111328125	85.55529022216797
-172.3524169921875	86.04786682128906
-172.6116180419922	86.41814422607422
-172.91770935058594	86.85620880126953
-173.2173309326172	87.28577423095703
-173.51766967773438	87.717041015625
-173.81039428710938	88.137939453125
-174.12783813476562	88.59465026855469
-174.3062744140625	88.85124206542969
-174.452392578125	89.46919250488281
-174.93006896972656	89.74368286132812
-175.21487426757812	90.14752197265625
-175.411376953125	90.42497253417969
-175.84458923339844	91.03450012207031
-176.03408813476562	91.30067443847656
-176.3296356201172	91.71549987792969
-176.7971649169922	92.37113952636719
-176.98316955566406	92.63185119628906
-177.35740661621094	93.15631103515625
-177.5063934326172	93.76205444335938
-177.9444122314453	93.97891235351562
-178.264404296875	94.42742156982422
-178.6399688720703	94.95404815673828
-179.09771728515625	95.59613037109375
-179.42124938964844	96.0500259399414
-179.77850341796875	96.55120849609375
-180.07150268554688	96.96224975585938
-180.26551818847656	97.23442840576172
-180.41127014160156	97.65746307373047
-180.72433471679688	97.87805938720703
-181.05377197265625	98.34022521972656
-181.38345336914062	98.80269622802734
-181.70477294921875	99.25345611572266
-181.70477294921875	99.71621704101562
-182.03468322753906	99.71621704101562
-182.352783203125	100.16239929199219
-182.54598999023438	100.43342590332031
-182.98902893066406	101.05477905273438
-183.19906616210938	101.34934997558594
-183.48219299316406	101.74644470214844
-183.9562530517578	102.41128540039062
-184.16171264648438	102.6994400024414
-184.44740295410156	103.10008239746094
-184.93783569335938	103.78787231445312
-185.259033203125	104.23831176757812
-185.43966674804688	104.49163055419922
-185.91952514648438	105.1646499633789
-186.06553649902344	105.59037780761719
-186.447998046875	105.90580749511719
-186.86087036132812	106.48483276367188
-187.19192504882812	106.94903564453125
-187.5130157470703	107.39845275878906
-187.81948852539062	107.82478332519531
-188.0048828125	108.08078002929688
-188.33172607421875	108.52735137939453
-188.79539489746094	109.14883422851562
-189.13369750976562	109.5938720703125
-189.34315490722656	109.86676025390625
-189.8082733154297	110.46839141845703
-189.99818420410156	110.71308898925781
-190.33750915527344	111.14958953857422
-190.6732635498047	111.58106994628906
-190.99276733398438	111.99160766601562
-191.18043518066406	112.23275756835938
-191.50570678710938	112.6509017944336
-191.99765014648438	113.2839584350586
-192.2040557861328	113.5498046875
-192.50148010253906	113.93315124511719
-192.7282257080078	114.22557067871094
-193.02236938476562	114.60514068603516
-193.34263610839844	115.01863098144531
-193.67555236816406	115.44864654541016
-193.86306762695312	115.69093322753906
-194.37075805664062	116.34703063964844
-194.68063354492188	116.74748229980469
-195.18032836914062	117.39324951171875
-195.5980224609375	117.93296813964844
-196.00021362304688	118.4525375366211
-196.40203857421875	118.97130584716797
-196.7367706298828	119.40206909179688
-196.7367706298828	119.7105941772461
-197.093505859375	119.85762023925781
-197.3802032470703	120.21975708007812
-197.6229248046875	120.52249145507812
-197.94927978515625	120.92304992675781
-198.43777465820312	121.50739288330078
-198.73406982421875	121.8517074584961
-198.93426513671875	122.08021545410156
-199.4395294189453	122.64191436767578
-199.81546020507812	123.04598999023438
-200.25537109375	123.50666809082031
-200.7787628173828	124.04054260253906
-201.0947265625	124.35531616210938
-201.65231323242188	124.89835357666016
-202.0347900390625	125.26011657714844
-202.49212646484375	125.68157958984375
-202.79559326171875	125.95452880859375
-203.00189208984375	126.30274200439453
-203.4071044921875	126.48689270019531
-203.98814392089844	126.97318267822266
-204.385986328125	127.294921875
-204.80776977539062	127.62699890136719
-205.41595458984375	128.0891876220703
-205.8383331298828	128.3984832763672
-206.0457000732422	128.71237182617188
-206.6748809814453	128.98623657226562
-207.11520385742188	129.28428649902344
-207.52554321289062	129.55746459960938
-207.95767211914062	129.8419647216797
-208.39743041992188	130.13002014160156
-208.80889892578125	130.39923095703125
-209.26254272460938	130.69619750976562
-209.65103149414062	130.95089721679688
-209.92091369628906	131.12808227539062
-210.50283813476562	131.51095581054688
-210.95516967773438	131.809814453125
-211.36358642578125	132.08143615722656
-211.76258850097656	132.3491973876953
-212.20851135253906	132.6519775390625
-212.60186767578125	132.92140197753906
-213.03436279296875	133.2191925048828
-213.4322509765625	133.49388122558594
-213.84884643554688	133.78176879882812
-214.25416564941406	134.0619354248047
-214.67788696289062	134.35476684570312
-215.1144256591797	134.65621948242188
-215.49652099609375	134.9195098876953
-215.78318786621094	135.11610412597656
-216.15589904785156	135.3697052001953
-216.80892944335938	135.80784606933594
-217.2034454345703	136.06724548339844
-217.67230224609375	136.36944580078125
-218.09400939941406	136.63546752929688
-218.30442810058594	136.90464782714844
-218.77142333984375	137.04974365234375
-219.2039794921875	137.3062744140625
-219.64735412597656	137.56214904785156
-220.10696411132812	137.81964111328125
-220.37030029296875	137.96368408203125
-221.06304931640625	138.3305206298828
-221.48448181152344	138.54534912109375
-221.93301391601562	138.76800537109375
-222.44485473632812	139.01593017578125
-222.90673828125	139.23594665527344
-223.43203735351562	139.48443603515625
-223.92523193359375	139.7173614501953
-224.37974548339844	139.93223571777344
-224.83981323242188	140.15003967285156
-225.52186584472656	140.4736328125
-226.0048828125	140.703369140625
-226.28086853027344	140.8349151611328
-226.72557067871094	141.04733276367188
-227.00213623046875	141.17959594726562
-227.45970153808594	141.3985137939453
-227.73477172851562	141.53012084960938
-228.47451782226562	141.88400268554688
-228.75164794921875	142.01649475097656
-229.249755859375	142.25445556640625
-229.98988342285156	142.60757446289062
-230.506591796875	142.85305786132812
-231.01266479492188	143.09149169921875
-231.32992553710938	143.23947143554688
-231.8080596923828	143.4597625732422
-232.3994140625	143.7263946533203
-232.8307647705078	143.91636657714844
-233.3331298828125	144.1326141357422
-233.92393493652344	144.3805694580078
-234.38575744628906	144.57080078125
-234.897216796875	144.77919006347656
-235.40151977539062	144.9833984375
-235.70751953125	145.1070098876953
-236.4324188232422	145.3990478515625
-236.94387817382812	145.60342407226562
-237.2062225341797	145.81613159179688
-237.986572265625	146.0111083984375
-238.24380493164062	146.21290588378906
-238.78176879882812	146.3086700439453
-239.08917236328125	146.41983032226562
-239.81097412109375	146.67111206054688
-240.1186065673828	146.77371215820312
-240.67727661132812	146.9528045654297
-241.41592407226562	147.17559814453125
-241.96792602539062	147.33102416992188
-242.52349853515625	147.4785614013672
-243.3226318359375	147.6756134033203
-243.8197021484375	147.78854370117188
-244.32553100585938	147.89683532714844
-244.84524536132812	148.00057983398438
-245.3978271484375	148.10281372070312
-245.93447875976562	148.19497680664062
-246.43243408203125	148.27496337890625
-246.96810913085938	148.35617065429688
-247.49819946289062	148.43344116210938
-248.0472412109375	148.51158142089844
-248.53790283203125	148.58013916015625
-249.08795166015625	148.65524291992188
-249.58978271484375	148.72140502929688
-250.1396484375	148.79074096679688
-250.70376586914062	148.85919189453125
-251.1817626953125	148.91586303710938
-251.69647216796875	148.97628784179688
-252.21804809570312	149.03717041015625
-252.75469970703125	149.09893798828125
-253.27224731445312	149.1564483642578
-253.82485961914062	149.21456909179688
-254.31077575683594	149.2619171142578
-254.85504150390625	149.30946350097656
-255.37527465820312	149.34898376464844
-255.90731811523438	149.38279724121094
-256.41558837890625	149.4076690673828
-256.7764892578125	149.42132568359375
-257.46331787109375	149.437255859375
-257.9642028808594	149.43997192382812
-258.4859619140625	149.43560791015625
-258.8346862792969	149.4283447265625
-259.2582092285156	149.41506958007812
-259.76507568359375	149.39218139648438
-260.302490234375	149.36013793945312
-260.8105773925781	149.32241821289062
-261.2914123535156	149.2796173095703
-261.8226013183594	149.2250518798828
-262.29351806640625	149.1699981689453
-262.81005859375	149.1019287109375
-263.2969970703125	149.0308074951172
-263.7948913574219	148.9507598876953
-264.3331298828125	148.85556030273438
-264.7635803222656	148.77317810058594
-265.56884765625	148.60337829589844
-265.98492431640625	148.5071258544922
-266.69757080078125	148.3302459716797
-266.9918212890625	148.2528533935547
-267.40570068359375	148.14022827148438
-267.7091369628906	148.055419921875
-268.1473388671875	147.93051147460938
-268.4712219238281	147.8367919921875
-268.9110412597656	147.70852661132812
-269.5606689453125	147.518798828125
-270.072998046875	147.36961364746094
-270.54815673828125	147.23178100585938
-271.065673828125	147.0821990966797
-271.53326416015625	146.9475555419922
-272.0709228515625	146.79307556152344
-272.8807373046875	146.5609893798828
-273.384033203125	146.41693115234375
-273.85870361328125	146.28114318847656
-274.37860107421875	146.13243103027344
-274.9403076171875	145.9717254638672
-275.4721984863281	145.81951904296875
-275.95916748046875	145.68008422851562
-276.2774963378906	145.5889129638672
-276.91571044921875	145.406005859375
-277.6187438964844	145.20436096191406
-278.20489501953125	145.0357666015625
-278.7265319824219	144.8845672607422
-279.136962890625	144.76426696777344
-279.668701171875	144.6058807373047
-280.136474609375	144.46356201171875
-280.6670837402344	144.2986297607422
-281.3193359375	144.0911102294922
-281.786376953125	143.9404754638672
-282.04412841796875	143.7392578125
-282.406005859375	143.7392578125
-283.0256652832031	143.53721618652344
-283.5222473144531	143.37503051757812
-284.0234680175781	143.21121215820312
-284.6358947753906	143.0110626220703
-285.379150390625	142.76832580566406
-285.75042724609375	142.64691162109375
-286.369384765625	142.4431610107422
-286.7967529296875	142.3006591796875
-287.4530029296875	142.07716369628906
-287.90960693359375	141.91770935058594
-288.49810791015625	141.7061309814453
-289.0707092285156	141.4947509765625
-289.8644714355469	141.1951141357422
-290.1614685058594	141.0816650390625
-290.4427490234375	140.973876953125
-290.7306213378906	140.8633270263672
-291.28656005859375	140.64942932128906
-291.6256103515625	140.51890563964844
-291.9754333496094	140.3843231201172
-292.4620361328125	140.19715881347656
-293.0067443847656	139.98770141601562
-293.6909484863281	139.72491455078125
-293.89837646484375	139.50706481933594
-294.2587890625	139.50706481933594
-295.0205078125	139.21524047851562
-295.4383850097656	139.05532836914062
-295.9961242675781	138.84222412109375
-296.3121643066406	138.72161865234375
-296.8453674316406	138.51882934570312
-297.314697265625	138.3418731689453
-297.820556640625	138.15342712402344
-298.11004638671875	138.04727172851562
-298.64776611328125	137.85372924804688
-298.96923828125	137.740478515625
-299.8124084472656	137.4539337158203
-300.1026306152344	137.35923767089844
-300.6690673828125	137.1801300048828
-301.25201416015625	137.00381469726562
-301.81463623046875	136.8423309326172
-302.20196533203125	136.73526000976562
-302.9674377441406	136.53302001953125
-303.2812194824219	136.45327758789062
-303.8446044921875	136.3131103515625
-304.1495361328125	136.23834228515625
-304.7086486816406	136.10243225097656
-305.005615234375	136.03065490722656
-305.3089599609375	135.9574432373047
-305.8814392089844	135.81939697265625
-306.4769287109375	135.67567443847656
-307.046630859375	135.53787231445312
-307.62371826171875	135.39784240722656
-307.92962646484375	135.3234405517578
-308.4880676269531	135.18724060058594
-308.9273681640625	135.07981872558594
-309.48724365234375	134.9425048828125
-310.2683410644531	134.75047302246094
-310.5628356933594	134.67800903320312
-310.855712890625	134.60601806640625
-311.1552734375	134.53260803222656
-312.06500244140625	134.31275939941406
-312.5714416503906	134.1939697265625
-312.8699951171875	134.12551879882812
-313.1858215332031	134.05462646484375
-313.7254333496094	133.9373779296875
-314.0777893066406	133.86402893066406
-314.65362548828125	133.7501983642578
-315.2293395996094	133.6435546875
-315.7413330078125	133.55514526367188
-316.07806396484375	133.5004425048828
-316.6185302734375	133.4180908203125
-317.4930725097656	133.29757690429688
-318.07568359375	133.22442626953125
-318.6570129394531	133.1548309326172
-319.22784423828125	133.08828735351562
-319.8006896972656	133.02230834960938
-320.1510009765625	132.98204040527344
-320.9591064453125	132.88906860351562
-321.2618713378906	132.85409545898438
-321.557373046875	132.78268432617188
-321.87689208984375	132.78268432617188
-322.6981506347656	132.6868133544922
-323.3000183105469	132.61717224121094
-323.8648681640625	132.55364990234375
-324.4301452636719	132.49301147460938
-324.7394714355469	132.46170043945312
-325.05389404296875	132.43136596679688
-325.6112365722656	132.3819122314453
-326.47381591796875	132.31759643554688
-327.1694641113281	132.27822875976562
-327.712158203125	132.25601196289062
-328.1832580566406	132.24217224121094
-328.7506408691406	132.2334442138672
-329.06793212890625	132.23193359375
-329.41546630859375	132.23309326171875
-330.2131042480469	132.2465362548828
-330.72119140625	132.26336669921875
-331.07696533203125	132.278564453125
-331.6650695800781	132.31011962890625
-332.1240539550781	132.3404998779297
-332.7550048828125	132.39036560058594
-333.20477294921875	132.4314422607422
-333.5108642578125	132.4622802734375
-333.93603515625	132.50836181640625
-334.46807861328125	132.57131958007812
-335.0277099609375	132.64288330078125
-335.494140625	132.70643615722656
-335.9863586425781	132.77798461914062
-336.8102722167969	132.9082489013672
-337.1305847167969	132.9629364013672
-337.6916809082031	133.06468200683594
-338.4118957519531	133.2058868408203
-338.7687683105469	133.28016662597656
-339.33880615234375	133.40415954589844
-340.009521484375	133.55572509765625
-340.3884582519531	133.64295959472656
-340.82122802734375	133.74331665039062
-341.6130676269531	133.92738342285156
-341.9331359863281	134.00177001953125
-342.43115234375	134.1173095703125
-343.22564697265625	134.3009796142578
-343.72650146484375	134.416259765625
-344.0709533691406	134.49534606933594
-344.8173828125	134.66616821289062
-345.1769714355469	134.74826049804688
-345.578125	134.83969116210938
-346.4172668457031	135.03065490722656
-346.74420166015625	135.10498046875
-347.2618408203125	135.22262573242188
-348.0020751953125	135.39088439941406
-348.9123840332031	135.5980224609375
-349.2091369628906	135.66558837890625
-349.6964416503906	135.7765655517578
-349.9792785644531	135.91673278808594
-350.31170654296875	135.91673278808594
-350.80035400390625	136.028076171875
-351.1685485839844	136.11196899414062
-351.59442138671875	136.20901489257812
-352.1113586425781	136.3268280029297
-352.5700378417969	136.43136596679688
-353.12603759765625	136.55807495117188
-353.68182373046875	136.68475341796875
-354.0137634277344	136.76040649414062
-354.5587158203125	136.88458251953125
-354.8717346191406	136.95590209960938
-355.78814697265625	137.16470336914062
-356.14459228515625	137.24591064453125
-356.7668151855469	137.3876495361328
-357.4765319824219	137.54931640625
-357.79681396484375	137.62228393554688
-358.47406005859375	137.7765350341797
-358.9768371582031	137.89105224609375
-359.26416015625	138.0546875
-359.6951904296875	138.0546875
-360.29852294921875	138.19210815429688
-360.8792724609375	138.3243865966797
-361.1905212402344	138.39529418945312
-362.080322265625	138.59788513183594
-362.6201171875	138.72030639648438
-362.98675537109375	138.80258178710938
-363.48724365234375	138.91297912597656
-364.1407470703125	139.05282592773438
-364.65283203125	139.15814208984375
-364.9993591308594	139.22677612304688
-365.830078125	139.3831787109375
-366.1147766113281	139.48516845703125
-366.67901611328125	139.53363037109375
-367.54736328125	139.68214416503906
-367.8499755859375	139.7332305908203
-368.1862487792969	139.7894744873047
-368.68695068359375	139.87179565429688
-369.34918212890625	139.9773712158203
-369.8589172363281	140.0552520751953
-370.4371337890625	140.13914489746094
-371.0135192871094	140.2187957763672
-371.3115234375	140.25868225097656
-371.8802795410156	140.33302307128906
-372.7405700683594	140.4435272216797
-373.32879638671875	140.51852416992188
-373.9026184082031	140.59156799316406
-374.46820068359375	140.66366577148438
-375.17132568359375	140.75347900390625
-375.7300720214844	140.8250732421875
-376.0643615722656	140.86798095703125
-376.6332702636719	140.94088745117188
-377.16326904296875	141.0079345703125
-377.7337646484375	141.07769775390625
-378.598876953125	141.17633056640625
-379.1672058105469	141.23480224609375
-379.83282470703125	141.29531860351562
-380.3060607910156	141.33291625976562
-380.92633056640625	141.37574768066406
-381.43408203125	141.40530395507812
-382.2386474609375	141.44361877441406
-382.7375793457031	141.4613800048828
-383.310302734375	141.47630310058594
-383.89678955078125	141.4842987060547
-384.47210693359375	141.485107421875
-385.1172790527344	141.4774169921875
-385.74481201171875	141.4609375
-386.2525634765625	141.4409942626953
-387.11468505859375	141.39500427246094
-387.6843566894531	141.3574981689453
-388.00079345703125	141.334228515625
-388.81768798828125	141.26632690429688
-389.35614013671875	141.21534729003906
-389.9052734375	141.1571044921875
-390.52996826171875	141.084228515625
-391.0235595703125	141.02235412597656
-391.5605773925781	140.951416015625
-392.1123352050781	140.8765869140625
-392.709716796875	140.7943878173828
-393.0416259765625	140.7482147216797
-393.3600769042969	140.703369140625
-393.82861328125	140.63587951660156
-394.3248291015625	140.56211853027344
-394.62396240234375	140.51596069335938
-395.400634765625	140.38900756835938
-395.98089599609375	140.28672790527344
-396.2980651855469	140.22776794433594
-397.06787109375	140.0760498046875
-397.5787353515625	139.96963500976562
-398.0922546386719	139.85765075683594
-398.6533203125	139.7296142578125
-399.18902587890625	139.60133361816406
-399.4813232421875	139.528564453125
-400.2647399902344	139.32247924804688
-400.7408447265625	139.1897735595703
-401.2565612792969	139.03836059570312
-401.79449462890625	138.87246704101562
-402.2905578613281	138.71218872070312
-402.8396911621094	138.52569580078125
-403.31671142578125	138.356201171875
-403.8412170410156	138.16265869140625
-404.30157470703125	137.98692321777344
-404.8111572265625	137.7876434326172
-405.2980651855469	137.5941925048828
-405.5921325683594	137.4765167236328
-406.285400390625	137.19825744628906
-406.6015625	137.07131958007812
-406.95135498046875	136.93099975585938
-407.4878845214844	136.71615600585938
-408.00640869140625	136.509033203125
-408.402587890625	136.35116577148438
-408.97344970703125	136.12425231933594
-409.6622314453125	135.85076904296875
-410.1095886230469	135.6721649169922
-410.5538024902344	135.49295043945312
-411.2952880859375	135.1866912841797
-411.7485046386719	134.99388122558594
-412.26898193359375	134.7652130126953
-412.7174377441406	134.5615692138672
-413.2857666015625	134.29351806640625
-413.642578125	134.11911010742188
-414.1171875	133.87965393066406
-414.58709716796875	133.63397216796875
-415.1278381347656	133.3396759033203
-415.5246887207031	133.1156463623047
-415.9308166503906	132.88034057617188
-416.37420654296875	132.61581420898438
-416.8056335449219	132.35263061523438
-417.0670471191406	132.1908416748047
-417.455322265625	131.94827270507812
-418.1076965332031	131.53770446777344
-418.3311767578125	131.23358154296875
-418.76336669921875	131.12425231933594
-419.4429931640625	130.69464111328125
-419.87481689453125	130.41943359375
-420.4002380371094	130.07962036132812
-421.0021667480469	129.6807861328125
-421.28143310546875	129.49169921875
-421.62188720703125	129.25790405273438
-422.22821044921875	128.83290100097656
-422.6551513671875	128.52947998046875
-422.9841613769531	128.29415893554688
-423.20721435546875	127.90494537353516
-423.52423095703125	127.90494537353516
-423.7971496582031	127.70635986328125
-423.94525146484375	127.42564392089844
-424.34600830078125	127.30154418945312
-424.98468017578125	126.8179702758789
-425.4137268066406	126.48480224609375
-425.74078369140625	126.22660827636719
-426.15155029296875	125.8978500366211
-426.60931396484375	125.52809143066406
-426.9144592285156	125.28059387207031
-427.26177978515625	124.99849700927734
-427.6690673828125	124.66757202148438
-427.84130859375	124.36567687988281
-428.4954528808594	123.99411010742188
-428.82928466796875	123.71936798095703
-429.1871337890625	123.4214096069336
-429.5909423828125	123.0797119140625
-430.04315185546875	122.68827819824219
-430.37030029296875	122.39835357666016
-430.52154541015625	121.92500305175781
-430.8873291015625	121.92500305175781
-431.29345703125	121.53984069824219
-431.50030517578125	120.99007415771484
-431.8514099121094	120.99007415771484
-432.117919921875	120.7191162109375
-432.39837646484375	120.42913818359375
-432.39837646484375	120.04361724853516
-432.76470947265625	120.04361724853516
-433.0911865234375	119.69402313232422
-433.42449951171875	119.33003997802734
-433.7193298339844	119.00190734863281
-434.04736328125	118.62925720214844
-434.35693359375	118.26820373535156
-434.6685791015625	117.8955078125
-434.9811706542969	117.51119995117188
-435.2598571777344	117.15794372558594
-435.57818603515625	116.74256134033203
-435.8448181152344	116.38463592529297
-436.12774658203125	115.9932861328125
-436.4320373535156	115.55989074707031
-436.71405029296875	115.14518737792969
-436.9549865722656	114.78003692626953
-437.1993408203125	114.39788818359375
-437.47637939453125	113.9498291015625
-437.6767578125	113.61489868164062
-437.9157409667969	113.2021484375
-438.143310546875	112.79557037353516
-438.36175537109375	112.39077758789062
-438.7035217285156	111.73374938964844
-438.8896484375	111.36798095703125
-439.11029052734375	110.92874145507812
-439.11029052734375	110.5228271484375
-439.4456787109375	110.25343322753906
-439.5128173828125	109.91692352294922
-439.7904357910156	109.55397033691406
-439.9232482910156	109.28079986572266
-440.099609375	108.91310119628906
-440.3497009277344	108.3807601928711
-440.5171203613281	108.01419067382812
-440.6802978515625	107.64512634277344
-440.84100341796875	107.26856994628906
-440.9886779785156	106.90865325927734
-441.134033203125	106.53761291503906
-441.2711486816406	106.17147827148438
-441.4050598144531	105.79570007324219
-441.4704284667969	105.39694213867188
-441.6502990722656	105.0489501953125
-441.7757568359375	104.63240814208984
-441.8664855957031	104.31211853027344
-441.9693908691406	103.92813873291016
-442.11138916015625	103.35392761230469
-442.2484130859375	102.74374389648438
-442.3399658203125	102.30574798583984
-442.4249267578125	101.88052368164062
-442.4926452636719	101.53224182128906
-442.5754699707031	101.09803009033203
-442.66607666015625	100.61141204833984
-442.762451171875	100.07180786132812
-442.8366394042969	99.63202667236328
-442.8946533203125	99.26581573486328
-442.9786071777344	98.67668151855469
-443.0215148925781	98.3370361328125
-443.0632629394531	97.95875549316406
-443.0828857421875	97.34852600097656
-443.14093017578125	97.00114440917969
-443.1591796875	96.62779235839844
-443.1705322265625	96.27388000488281
-443.1761779785156	95.88127136230469
-443.1747741699219	95.5511245727539
-443.16693115234375	95.17355346679688
-443.1534423828125	94.81617736816406
-443.1336364746094	94.46373748779297
-443.10760498046875	94.10458374023438
-443.0766906738281	93.7574462890625
-443.03619384765625	93.38011169433594
-442.9967041015625	93.06122589111328
-442.9465637207031	92.70240020751953
-442.88848876953125	92.33631896972656
-442.88848876953125	92.02105712890625
-442.7671813964844	91.67843627929688
-442.6959228515625	91.34233856201172
-442.5771179199219	90.83895874023438
-442.4926452636719	90.51470184326172
-442.401123046875	90.19107818603516
-442.30267333984375	89.86688232421875
-442.1953125	89.53703308105469
-442.09039306640625	89.23555755615234
-441.9847412109375	88.94927978515625
-441.9298400878906	88.49417877197266
-441.58984375	87.99407196044922
-441.4019775390625	87.5882568359375
-441.17376708984375	87.12590026855469
-441.0035400390625	86.79786682128906
-440.8357849121094	86.48677825927734
-440.5826416015625	86.0369873046875
-440.3985900878906	85.72223663330078
-440.2154846191406	85.41912078857422
-440.02093505859375	85.10584259033203
-439.81268310546875	84.77982330322266
-439.61883544921875	84.48495483398438
-439.40728759765625	84.1708755493164
-439.0540771484375	83.6634750366211
-438.71466064453125	83.19456481933594
-438.4953918457031	82.8998794555664
-438.24530029296875	82.572021484375
-438.00994873046875	82.27040100097656
-437.7479248046875	81.94207763671875
-437.496826171875	81.63497161865234
-437.2362365722656	81.32308197021484
-436.94989013671875	80.98799896240234
-436.66827392578125	80.6661376953125
-436.37664794921875	80.34043884277344
-436.0859680175781	80.02268981933594
-435.79779052734375	79.71432495117188
-435.468017578125	79.36936950683594
-435.1590881347656	79.05314636230469
-434.8531799316406	78.74617767333984
-434.53375244140625	78.43260955810547
-434.2038879394531	78.115234375
-433.82733154296875	77.76119232177734
-433.4990234375	77.45941162109375
-433.121826171875	77.12002563476562
-432.7452087402344	76.78809356689453
-432.6246032714844	76.51248931884766
-432.3025817871094	76.40694427490234
-431.9532775878906	76.11372375488281
-431.6598205566406	75.87212371826172
-431.32855224609375	75.60550689697266
-431.04693603515625	75.38301849365234
-430.7986755371094	75.19071960449219
-430.44720458984375	74.92412567138672
-430.2774658203125	74.50589752197266
-429.8753356933594	74.50589752197266
-429.51507568359375	74.25151062011719
-429.1554260253906	74.00446319580078
-428.7352294921875	73.72412872314453
-428.35601806640625	73.4781723022461
-427.98193359375	73.24136352539062
-427.3639831542969	72.86323547363281
-427.0321044921875	72.66575622558594
-426.5496520996094	72.38594055175781
-426.2015075683594	72.18913269042969
-425.7754211425781	71.95319366455078
-425.37005615234375	71.7341079711914
-424.7325134277344	71.39935302734375
-424.32305908203125	71.19041442871094
-423.560546875	70.813720703125
-423.2236633300781	70.65203857421875
-422.75213623046875	70.43109893798828
-422.2203063964844	70.18923950195312
-421.776611328125	69.99273681640625
-421.375	69.81855010986328
-420.96441650390625	69.64441680908203
-420.42620849609375	69.42195129394531
-419.9317321777344	69.22386169433594
-419.4974365234375	69.05514526367188
-419.04119873046875	68.88357543945312
-418.6619873046875	68.74505615234375
-418.26165771484375	68.60360717773438
-417.80780029296875	68.44837951660156
-417.3780517578125	68.30686950683594
-416.9132995605469	68.15934753417969
-416.421630859375	68.0099868774414
-415.881103515625	67.85414123535156
-415.53265380859375	67.75833129882812
-414.9774169921875	67.61268615722656
-414.6102294921875	67.52096557617188
-414.1376953125	67.40827178955078
-413.66326904296875	67.3005599975586
-413.1807556152344	67.19676971435547
-412.7054748535156	67.09968566894531
-412.2044677734375	67.00250244140625
-411.73382568359375	66.91621398925781
-410.90966796875	66.7757339477539
-410.5870666503906	66.72433471679688
-410.08599853515625	66.6483383178711
-409.32330322265625	66.54174041748047
-409.0283508300781	66.476318359375
-408.5497131347656	66.44428253173828
-407.9049377441406	66.37115478515625
-407.385986328125	66.31732940673828
-407.0683288574219	66.28670501708984
-406.32550048828125	66.22181701660156
-405.7641296386719	66.17858123779297
-405.1854248046875	66.13966369628906
-404.6895446777344	66.11064910888672
-404.1081848144531	66.08150482177734
-403.60015869140625	66.0606460571289
-403.0469970703125	66.04249572753906
-402.74700927734375	66.03462219238281
-402.1629943847656	66.0231704711914
-401.6575012207031	66.01776885986328
-400.8789367675781	66.01642608642578
-400.4027099609375	66.01994323730469
-399.63897705078125	66.03225708007812
-399.07061767578125	66.04638671875
-398.4961853027344	66.06532287597656
-397.9170227050781	66.08869934082031
-397.2910461425781	66.11871337890625
-396.74273681640625	66.14925384521484
-396.439697265625	66.16775512695312
-395.8544616699219	66.20664978027344
-395.55181884765625	66.22840118408203
-395.2357482910156	66.25245666503906
-394.355712890625	66.32618713378906
-394.03533935546875	66.35537719726562
-393.4358215332031	66.4134521484375
-393.07232666015625	66.45091247558594
-392.7685241699219	66.48358154296875
-392.2128601074219	66.54612731933594
-391.857421875	66.58811950683594
-391.2753601074219	66.66024017333984
-390.9263610839844	66.70545959472656
-390.36590576171875	66.78102111816406
-390.0374450683594	66.82695770263672
-389.7026672363281	66.87506103515625
-389.40283203125	66.9194107055664
-389.0854187011719	66.96739196777344
-388.45526123046875	67.06590270996094
-388.11944580078125	67.12017822265625
-387.8133239746094	67.17068481445312
-387.4902038574219	67.225341796875
-387.1806945800781	67.27875518798828
-386.46954345703125	67.40536499023438
-385.8960876464844	67.51133728027344
-385.5679931640625	67.57382202148438
-385.2339782714844	67.63861083984375
-384.60693359375	67.76343536376953
-384.27099609375	67.8320083618164
-383.9404296875	67.90062713623047
-383.63385009765625	67.96553802490234
-383.2861633300781	68.04019165039062
-382.6427001953125	68.18106079101562
-382.30438232421875	68.25625610351562
-381.96002197265625	68.33341979980469
-381.63714599609375	68.40620422363281
-381.316162109375	68.4787826538086
-380.61175537109375	68.63858032226562
-380.30865478515625	68.70743560791016
-379.9665222167969	68.78514099121094
-379.6361999511719	68.86006927490234
-379.2543029785156	68.94650268554688
-378.6070556640625	69.09209442138672
-378.2403564453125	69.17391204833984
-377.92596435546875	69.24362182617188
-377.58648681640625	69.31813049316406
-377.21722412109375	69.39846801757812
-376.5329895019531	69.54502868652344
-376.1832275390625	69.61878967285156
-375.78472900390625	69.70172882080078
-375.4656982421875	69.76727294921875
-375.12933349609375	69.83558654785156
-374.3920593261719	69.98277282714844
-374.0502014160156	70.04969787597656
-373.68157958984375	70.12096405029297
-373.27386474609375	70.1986083984375
-372.94036865234375	70.26126098632812
-372.21807861328125	70.39490509033203
-371.8202209472656	70.46751403808594
-371.5038757324219	70.52493286132812
-371.1463623046875	70.58951568603516
-370.6983337402344	70.67021942138672
-369.9837646484375	70.79862213134766
-369.4273376464844	70.89854431152344
-368.975341796875	70.97974395751953
-368.63348388671875	71.04120635986328
-368.2767639160156	71.10535430908203
-367.74127197265625	71.20177459716797
-367.34130859375	71.27384948730469
-367.013916015625	71.3328857421875
-366.6137390136719	71.40504455566406
-366.26416015625	71.46798706054688
-365.45001220703125	71.61363220214844
-365.0978698730469	71.67594146728516
-364.7225341796875	71.74169921875
-364.3409118652344	71.8074722290039
-363.959716796875	71.87207794189453
-363.18109130859375	72.00045776367188
-362.7214660644531	72.07374572753906
-362.3763427734375	72.1276626586914
-361.9831848144531	72.18753051757812
-361.59259033203125	72.24539184570312
-361.1590576171875	72.30792236328125
-360.321044921875	72.4234619140625
-359.99566650390625	72.46659851074219
-359.5968322753906	72.51786041259766
-359.18255615234375	72.56928253173828
-358.7855529785156	72.61703491210938
-357.991943359375	72.708251953125
-357.572021484375	72.7542724609375
-357.1182861328125	72.80225372314453
-356.7462158203125	72.84021759033203
-356.3299560546875	72.88163757324219
-355.5213623046875	72.95964050292969
-355.120849609375	72.99742889404297
-354.7034912109375	73.03640747070312
-354.2880859375	73.07490539550781
-353.8606262207031	73.11441040039062
-352.98553466796875	73.195068359375
-352.57904052734375	73.23249816894531
-352.21368408203125	73.26614379882812
-351.75	73.30883026123047
-351.34454345703125	73.34617614746094
-350.52850341796875	73.42143249511719
-350.019775390625	73.46841430664062
-349.6440734863281	73.5031509399414
-349.25201416015625	73.53946685791016
-348.83087158203125	73.57856750488281
-347.96710205078125	73.65972137451172
-347.5385437011719	73.70087432861328
-347.10650634765625	73.74314880371094
-346.68231201171875	73.78575134277344
-346.25738525390625	73.82951354980469
-345.3894348144531	73.92279052734375
-344.9586181640625	73.97126007080078
-344.5315246582031	74.02082061767578
-344.1302490234375	74.069091796875
-343.6865234375	74.12326049804688
-342.86407470703125	74.22527313232422
-342.3896484375	74.28490447998047
-341.9922180175781	74.33524322509766
-341.5794982910156	74.38789367675781
-341.1780700683594	74.43932342529297
-340.3598327636719	74.54415130615234
-339.8992004394531	74.60283660888672
-339.53045654296875	74.64973449707031
-339.1534118652344	74.69783782958984
-338.7652587890625	74.74871826171875
-338.3269348144531	74.80718994140625
-337.548828125	74.91281127929688
-337.08172607421875	74.97688293457031
-336.7140197753906	75.02751159667969
-336.3504333496094	75.07772827148438
-335.9198913574219	75.1373062133789
-335.15631103515625	75.24324035644531
-334.7605895996094	75.29824829101562
-334.2735595703125	75.36605072021484
-333.9149169921875	75.41603088378906
-333.15576171875	75.52194213867188
-332.6917724609375	75.58673858642578
-332.35955810546875	75.63316345214844
-331.9625549316406	75.68865203857422
-331.57318115234375	75.74308776855469
-331.12261962890625	75.80608367919922
-330.3792419433594	75.91002655029297
-329.9704284667969	75.96719360351562
-329.582275390625	76.02147674560547
-329.16168212890625	76.08026885986328
-328.7015380859375	76.14457702636719
-327.772705078125	76.27391052246094
-327.151123046875	76.35942077636719
-326.741455078125	76.41476440429688
-326.38671875	76.4617919921875
-325.563232421875	76.56736755371094
-325.1748046875	76.61510467529297
-324.7685852050781	76.66338348388672
-324.3729553222656	76.70849609375
-323.99139404296875	76.75025939941406
-323.1352844238281	76.83882141113281
-322.7288513183594	76.878662109375
-322.2450256347656	76.9246826171875
-321.9187927246094	76.95513916015625
-321.46783447265625	76.9964599609375
-320.80706787109375	77.05592346191406
-320.3687744140625	77.09492492675781
-319.9502868652344	77.13190460205078
-319.61700439453125	77.16120910644531
-319.1483154296875	77.20223236083984
-318.449462890625	77.2632064819336
-318.05560302734375	77.29751586914062
-317.63043212890625	77.33454895019531
-317.2303771972656	77.36943054199219
-316.888427734375	77.39927673339844
-316.4156494140625	77.44061279296875
-315.6880187988281	77.50442504882812
-315.27239990234375	77.54100036621094
-314.8060302734375	77.5821533203125
-314.5052490234375	77.6087646484375
-314.128662109375	77.64214324951172
-313.3046875	77.71540832519531
-312.90509033203125	77.75102233886719
-312.509765625	77.78623962402344
-312.0751037597656	77.82472229003906
-311.5915832519531	77.866943359375
-311.28094482421875	77.8934326171875
-310.5000305175781	77.95761108398438
-310.1195373535156	77.98724365234375
-309.6801452636719	78.0196762084961
-309.31072998046875	78.04513549804688
-308.95367431640625	78.0682373046875
-308.0978698730469	78.11741638183594
-307.7694396972656	78.13394165039062
-307.3602294921875	78.1523208618164
-306.9844665527344	78.1668701171875
-306.5975646972656	78.18006896972656
-305.792236328125	78.20217895507812
-305.27752685546875	78.21305847167969
-304.93096923828125	78.21942138671875
-304.56671142578125	78.22539520263672
-304.2287292480469	78.23030853271484
-303.489013671875	78.2398452758789
-303.0937805175781	78.24417114257812
-302.62811279296875	78.24838256835938
-302.32464599609375	78.25049591064453
-301.95208740234375	78.25230407714844
-301.14776611328125	78.25286865234375
-300.7789611816406	78.25141906738281
-300.38995361328125	78.24837493896484
-299.9823303222656	78.24341583251953
-299.6172790527344	78.23751831054688
-298.7671203613281	78.21916961669922
-298.4270324707031	78.21029663085938
-298.07354736328125	78.20027160644531
-297.6944274902344	78.1888198852539
-297.27423095703125	78.17561340332031
-296.5306091308594	78.15113830566406
-296.08001708984375	78.135498046875
-295.7164306640625	78.12236785888672
-295.3712158203125	78.1091079711914
-294.99908447265625	78.093994140625
-294.1769714355469	78.05683135986328
-293.8154296875	78.03857421875
-293.37799072265625	78.01451110839844
-293.0273132324219	77.9935302734375
-292.66363525390625	77.96997833251953
-291.8907775878906	77.91431427001953
-291.5235900878906	77.88505554199219
-291.1219177246094	77.85076904296875
-290.72235107421875	77.81407165527344
-290.3835144042969	77.78086853027344
-289.60675048828125	77.69864654541016
-289.1720886230469	77.64862823486328
-288.5047302246094	77.56634521484375
-288.07733154296875	77.51004791259766
-287.3685302734375	77.41279602050781
-286.90179443359375	77.34673309326172
-286.5879211425781	77.30144500732422
-286.2214660644531	77.24739074707031
-285.7989501953125	77.1838607788086
-284.82073974609375	77.03324890136719
-284.4457092285156	76.97416687011719
-284.0885314941406	76.9171142578125
-283.7424621582031	76.85997009277344
-283.37896728515625	76.79824829101562
-282.69378662109375	76.67738342285156
-282.1708068847656	76.58101654052734
-281.6106872558594	76.47396850585938
-281.3158264160156	76.41557312011719
-280.58795166015625	76.2663345336914
-280.1067199707031	76.16316986083984
-279.8059997558594	76.09693908691406
-279.4444885253906	76.01542663574219
-278.4777526855469	75.78926086425781
-278.05706787109375	75.68849182128906
-277.41241455078125	75.53121948242188
-276.69415283203125	75.35227966308594
-276.18450927734375	75.22395324707031
-275.4870300292969	75.04722595214844
-274.818603515625	74.87691497802734
-274.5726013183594	74.64704895019531
-273.9354248046875	74.64704895019531
-273.5928955078125	74.55536651611328
-272.9688415527344	74.38470458984375
-272.4508056640625	74.23915100097656
-271.51580810546875	73.96511840820312
-270.9918212890625	73.80492401123047
-270.6776428222656	73.70626068115234
-269.8648681640625	73.44205474853516
-269.5344543457031	73.33119201660156
-269.0292663574219	73.15787506103516
-268.70098876953125	73.04270935058594
-268.194580078125	72.86123657226562
-267.8417663574219	72.73222351074219
-267.3682556152344	72.55584716796875
-266.579345703125	72.25304412841797
-266.02825927734375	72.03536224365234
-265.5201416015625	71.82968139648438
-264.94873046875	71.59297180175781
-264.4812316894531	71.39532470703125
-264.1572265625	71.25572204589844
-263.70751953125	71.05812072753906
-263.18206787109375	70.82171630859375
-262.6690368652344	70.58401489257812
-261.9095153808594	70.21961975097656
-261.596923828125	70.0658950805664
-261.150390625	69.8438949584961
-260.4180603027344	69.47428131103516
-259.9470520019531	69.23391723632812
-259.4839782714844	68.99617004394531
-259.0293273925781	68.76188659667969
-258.8003845214844	68.53631591796875
-258.3324890136719	68.40193176269531
-257.7403869628906	68.09558868408203
-257.1019592285156	67.76485443115234
-256.6810607910156	67.54629516601562
-256.29669189453125	67.34632873535156
-255.91506958007812	67.14742279052734
-255.49069213867188	66.92585754394531
-255.185546875	66.76631164550781
-254.80674743652344	66.56804656982422
-254.48605346679688	66.39900207519531
-254.136474609375	66.21160888671875
-253.79122924804688	66.02366638183594
-253.2899169921875	65.74398040771484
-252.9496307373047	65.54869842529297
-252.61029052734375	65.34890747070312
-252.3260040283203	65.17700958251953
-251.84930419921875	64.88005828857422
-251.39198303222656	64.58397674560547
-251.10777282714844	64.39440155029297
-250.81427001953125	64.19418334960938
-250.52700805664062	63.99317169189453
-250.24497985839844	63.79128646850586
-249.9480743408203	63.57358932495117
-249.6998291015625	63.386962890625
-249.4276123046875	63.17774200439453
-249.15695190429688	62.964576721191406
-248.89602661132812	62.753013610839844
-248.62362670898438	62.525962829589844
-248.36807250976562	62.30693435668945
-248.10528564453125	62.07456970214844
-247.85072326660156	61.84287643432617
-247.5830078125	61.59202575683594
-247.3509521484375	61.36837387084961
-247.10372924804688	61.12420654296875
-246.8369598388672	60.85365295410156
-246.50308227539062	60.50410079956055
-246.27313232421875	60.256263732910156
-246.1619415283203	59.976375579833984
-245.81732177734375	59.74557876586914
-245.56430053710938	59.449119567871094
-245.35752868652344	59.19935607910156
-245.12164306640625	58.90571594238281
-244.92547607421875	58.653656005859375
-244.69598388671875	58.35002136230469
-244.50755310058594	58.09359359741211
-244.29983520507812	57.8022346496582
-244.10223388671875	57.51734924316406
-243.89637756347656	57.21217727661133
-243.70584106445312	56.92097473144531
-243.49159240722656	56.58430480957031
-243.3034210205078	56.28008270263672
-243.1146240234375	55.965843200683594
-242.92373657226562	55.63913345336914
-242.71389770507812	55.269065856933594
-242.5357666015625	54.945640563964844
-242.3497314453125	54.59734344482422
-242.17384338378906	54.258628845214844
-241.99183654785156	53.89788055419922
-241.73355102539062	53.365570068359375
-241.54420471191406	52.959930419921875
-241.3933563232422	52.62716293334961
-241.2342987060547	52.264892578125
-241.07696533203125	51.89600372314453
-240.98529052734375	51.51819610595703
-240.76385498046875	51.125640869140625
-240.61203002929688	50.73310089111328
-240.47225952148438	50.36028289794922
-240.3263702392578	49.95698547363281
-240.17935180664062	49.536293029785156
-240.02694702148438	49.08356857299805
-239.84066772460938	48.504390716552734
-239.7132110595703	48.09055709838867
-239.58663940429688	47.66428756713867
-239.46331787109375	47.23160171508789
-239.3291473388672	46.74122619628906
-239.21795654296875	46.31754684448242
-239.05978393554688	45.68330764770508
-238.9521942138672	45.22874450683594
-238.84580993652344	44.7586555480957
-238.75631713867188	44.34335708618164
-238.65054321289062	43.82875061035156
-238.56927490234375	43.4135856628418
-238.56927490234375	42.916744232177734
-238.3997039794922	42.475830078125
-238.32066345214844	42.0012321472168
-238.23277282714844	41.43727111816406
-238.16949462890625	41.003047943115234
-238.10098266601562	40.50397491455078
-238.03941345214844	40.021728515625
-237.98175048828125	39.53630065917969
-237.92910766601562	39.059383392333984
-237.87857055664062	38.55879211425781
-237.83306884765625	38.06716537475586
-237.8071746826172	37.764530181884766
-237.75143432617188	37.037841796875
-237.71749877929688	36.52626419067383
-237.68634033203125	35.98794937133789
-237.6614990234375	35.478981018066406
-237.6497802734375	34.920127868652344
-237.63047790527344	34.40970993041992
-237.60928344726562	33.87151336669922
-237.6002197265625	33.29368209838867
-237.59617614746094	32.767234802246094
-237.59677124023438	32.18776321411133
-237.6014404296875	31.6696720123291
-237.60580444335938	31.09754753112793
-237.61746215820312	30.191234588623047
-237.6560516357422	29.664825439453125
-237.68113708496094	29.111860275268555
-237.71170043945312	28.54254150390625
-237.7303466796875	28.229782104492188
-237.77279663085938	27.5875244140625
-237.83338928222656	26.789594650268555
-237.86279296875	26.43790054321289
-237.9110107421875	25.89780616760254
-237.94044494628906	25.587181091308594
-238.0029296875	24.970298767089844
-238.07186889648438	24.338623046875
-238.13584899902344	23.788225173950195
-238.21385192871094	23.159343719482422
-238.290771484375	22.57147216796875
-238.33590698242188	22.23711585998535
-238.37911987304688	21.922821044921875
-238.46002197265625	21.34527587890625
-238.51199340820312	20.97837257385254
-238.59378051757812	20.40420150756836
-238.6440887451172	20.052162170410156
-238.69017028808594	19.729957580566406
-238.773193359375	19.149871826171875
-238.773193359375	18.822994232177734
-238.86549377441406	18.506919860839844
-238.86549377441406	18.16776466369629
-238.97259521484375	17.767410278320312
-239.08477783203125	17.007143020629883
-239.1407470703125	16.634971618652344
-239.24961853027344	15.927228927612305
-239.3348388671875	15.389680862426758
-239.4394073486328	14.749074935913086
-239.53305053710938	14.195883750915527
-239.58633422851562	13.888910293579102
-239.58633422851562	13.521916389465332
-239.79592895507812	12.735350608825684
-239.89361572265625	12.22237777709961
-239.89361572265625	11.869997024536133
-240.02149963378906	11.571432113647461
-240.02149963378906	10.907023429870605
-240.22161865234375	10.59935188293457
-240.31478881835938	10.158203125
-240.45016479492188	9.52861499786377
-240.57266235351562	8.9678316116333
-240.71719360351562	8.314265251159668
-240.84674072265625	7.733513832092285
-240.98324584960938	7.125262260437012
-241.0988311767578	6.6126251220703125
-241.25875854492188	5.905898094177246
-241.37876892089844	5.37724494934082
-241.50645446777344	4.815130710601807
-241.6002655029297	4.405069351196289
-241.72886657714844	3.8699803352355957
-241.78997802734375	3.3475098609924316
-241.8609619140625	3.0478997230529785
-242.03036499023438	2.7150936126708984
-242.17098999023438	2.2202038764953613
-242.3157958984375	1.7384703159332275
-242.51528930664062	1.1120367050170898
-242.64962768554688	0.7111692428588867
-242.85696411132812	0.120600625872612
-243.04119873046875	-0.38071370124816895
-243.2314453125	-0.8792264461517334
-243.4346466064453	-1.3921177387237549
-243.59974670410156	-1.797467589378357
-243.59974670410156	-2.344895124435425
-243.90841674804688	-2.5278878211975098
-244.12530517578125	-3.023486375808716
-244.4964599609375	-3.839432954788208
-244.74026489257812	-4.3547587394714355
-244.96542358398438	-4.815673828125
-245.31378173828125	-5.502413749694824
-245.53732299804688	-5.927001476287842
-245.72476196289062	-6.274334907531738
-245.95831298828125	-6.697779178619385
-246.18531799316406	-7.09867000579834
-246.34384155273438	-7.373838424682617
-246.52467346191406	-7.682913780212402
-246.80291748046875	-8.149840354919434
-247.08709716796875	-8.615509033203125
-247.42169189453125	-9.152303695678711
-247.82568359375	-9.785026550292969
-248.12429809570312	-10.242910385131836
-248.33607482910156	-10.562904357910156
-248.59426879882812	-10.948108673095703
-248.76773071289062	-11.203896522521973
-248.94033813476562	-11.456186294555664
-249.35092163085938	-12.047609329223633
-249.79342651367188	-12.671951293945312
-249.97122192382812	-12.919048309326172
-250.368896484375	-13.464540481567383
-250.84872436523438	-14.10989761352539
-251.03182983398438	-14.352500915527344
-251.44129943847656	-14.888296127319336
-251.95738220214844	-15.550355911254883
-252.2341766357422	-15.899679183959961
-252.5439453125	-16.28564453125
-253.11978149414062	-16.990169525146484
-253.40084838867188	-17.32826042175293
-253.54046630859375	-17.711956024169922
-253.9368133544922	-17.96235466003418
-254.3741455078125	-18.469430923461914
-254.652099609375	-18.787002563476562
-254.97708129882812	-19.15355682373047
-255.1845703125	-19.38549041748047
-255.620849609375	-19.867158889770508
-255.83212280273438	-20.097707748413086
-256.334716796875	-20.639633178710938
-256.9197692871094	-21.259363174438477
-257.2987976074219	-21.656177520751953
-257.577880859375	-21.946670532226562
-258.1424865722656	-22.530555725097656
-258.37664794921875	-22.77117156982422
-258.78826904296875	-23.191364288330078
-259.36138916015625	-23.76752471923828
-259.6345520019531	-24.038509368896484
-260.0352478027344	-24.431156158447266
-260.566650390625	-24.942371368408203
-260.94464111328125	-25.297985076904297
-261.31268310546875	-25.638463973999023
-261.7701110839844	-26.052349090576172
-262.12261962890625	-26.3647403717041
-262.5285949707031	-26.71823501586914
-262.99932861328125	-27.1191349029541
-263.24127197265625	-27.32173728942871
-263.4151611328125	-27.65149688720703
-263.78912353515625	-27.772315979003906
-264.2406311035156	-28.1361141204834
-264.62725830078125	-28.441524505615234
-264.8109436035156	-28.742813110351562
-265.2242736816406	-28.902767181396484
-265.690673828125	-29.25342559814453
-265.86370849609375	-29.543682098388672
-266.3019714355469	-29.701051712036133
-266.5753479003906	-29.89673614501953
-266.95501708984375	-30.164039611816406
-267.42449951171875	-30.48809051513672
-267.8787841796875	-30.79497718811035
-267.8787841796875	-31.107189178466797
-268.35162353515625	-31.107189178466797
-268.9083557128906	-31.466537475585938
-269.0716247558594	-31.76551055908203
-269.38232421875	-31.76551055908203
-269.7727966308594	-32.007301330566406
-270.22845458984375	-32.28419876098633
-270.7246398925781	-32.57984924316406
-271.2048034667969	-32.85978698730469
-271.4774169921875	-33.0162467956543
-271.9353332519531	-33.275108337402344
-272.2234191894531	-33.435401916503906
-272.8425598144531	-33.77328109741211
-273.2707214355469	-34.0018196105957
-273.8265380859375	-34.292457580566406
-274.4921875	-34.631752014160156
-274.9158020019531	-34.84303665161133
-275.46697998046875	-35.11201095581055
-276.2013244628906	-35.461448669433594
-276.4825439453125	-35.59237289428711
-276.9854736328125	-35.822845458984375
-277.7561950683594	-36.16746520996094
-278.0953063964844	-36.31576919555664
-278.6430358886719	-36.5510139465332
-279.3998718261719	-36.867923736572266
-279.7447814941406	-37.009220123291016
-280.37701416015625	-37.26313781738281
-281.0768127441406	-37.53684616088867
-281.48291015625	-37.69225311279297
-282.112060546875	-37.92790603637695
-282.94378662109375	-38.2307243347168
-283.52264404296875	-38.43536376953125
-284.443603515625	-38.75181579589844
-285.0404968261719	-38.95072937011719
-285.4939880371094	-39.09900665283203
-286.05694580078125	-39.279117584228516
-286.4063415527344	-39.38908386230469
-286.70635986328125	-39.482391357421875
-287.35809326171875	-39.68143081665039
-287.6969909667969	-39.78281784057617
-288.2982177734375	-39.95948791503906
-288.6031799316406	-40.04763412475586
-289.2751770019531	-40.23822784423828
-289.5766906738281	-40.3218879699707
-289.8848876953125	-40.40644836425781
-290.2146911621094	-40.495826721191406
-290.60821533203125	-40.600894927978516
-291.18487548828125	-40.75151824951172
-291.521728515625	-40.83739471435547
-291.8774719238281	-40.92679977416992
-292.18768310546875	-41.00370788574219
-292.5111389160156	-41.08296203613281
-293.1803894042969	-41.24397659301758
-293.4881896972656	-41.31676483154297
-293.9127502441406	-41.41640853881836
-294.2144775390625	-41.48674774169922
-295.2032470703125	-41.71636962890625
-295.81396484375	-41.85858917236328
-296.16204833984375	-41.9399299621582
-296.53692626953125	-42.028076171875
-296.8345031738281	-42.09856414794922
-297.4591979980469	-42.249080657958984
-297.80712890625	-42.33473205566406
-298.13189697265625	-42.41606140136719
-298.4660339355469	-42.501258850097656
-299.1192932128906	-42.672874450683594
-299.43548583984375	-42.75889587402344
-299.8199462890625	-42.865821838378906
-300.43023681640625	-43.04158020019531
-300.7873229980469	-43.14790725708008
-301.3595886230469	-43.32405471801758
-301.7060546875	-43.434139251708984
-302.016357421875	-43.534912109375
-302.3328552246094	-43.63975524902344
-302.9588623046875	-43.853538513183594
-303.32073974609375	-43.981197357177734
-303.90667724609375	-44.19422912597656
-304.2718505859375	-44.33069610595703
-304.83245849609375	-44.5455436706543
-305.1436462402344	-44.66787338256836
-305.54449462890625	-44.82780838012695
-305.78240966796875	-45.04387664794922
-306.68597412109375	-45.295406341552734
-306.9837646484375	-45.41917419433594
-307.38018798828125	-45.584373474121094
-307.9100341796875	-45.80567169189453
-308.21356201171875	-45.932559967041016
-308.85394287109375	-46.20032501220703
-309.51251220703125	-46.47541809082031
-309.79473876953125	-46.59318542480469
-310.0828552246094	-46.71329116821289
-310.6994934082031	-46.96999740600586
-310.9784240722656	-47.085914611816406
-311.30157470703125	-47.22010040283203
-311.65625	-47.36719512939453
-311.9465637207031	-47.48750305175781
-312.5	-47.716575622558594
-312.8422546386719	-47.858062744140625
-313.1295166015625	-47.97675323486328
-313.4210510253906	-48.09715270996094
-313.7247619628906	-48.22254180908203
-314.318359375	-48.46746826171875
-314.6333923339844	-48.59741973876953
-314.9833984375	-48.74178695678711
-315.5552978515625	-48.977684020996094
-316.1408386230469	-49.219215393066406
-316.4632263183594	-49.352237701416016
-316.83123779296875	-49.50410461425781
-317.10272216796875	-49.73612976074219
-317.9579162597656	-49.969200134277344
-318.304931640625	-50.112518310546875
-318.566650390625	-50.35472869873047
-318.8912353515625	-50.35472869873047
-319.21673583984375	-50.48921203613281
-319.7757263183594	-50.7202033996582
-320.5885925292969	-51.05621337890625
-321.1553955078125	-51.29071807861328
-321.6876220703125	-51.51182556152344
-322.2847900390625	-51.7624626159668
-322.84368896484375	-52.00117492675781
-323.4383239746094	-52.26051712036133
-323.97802734375	-52.50238037109375
-324.34954833984375	-52.67253112792969
-325.1461486816406	-53.0485954284668
-325.485595703125	-53.21404266357422
-325.765380859375	-53.35297775268555
-326.0537414550781	-53.498260498046875
-326.3514099121094	-53.65049743652344
-326.6217346191406	-53.79062271118164
-327.23077392578125	-54.112674713134766
-327.74688720703125	-54.391536712646484
-328.0503845214844	-54.55727767944336
-328.3310241699219	-54.71160888671875
-328.8646545410156	-55.00798034667969
-329.1448974609375	-55.16543960571289
-329.46484375	-55.346656799316406
-329.717529296875	-55.643070220947266
-329.9811096191406	-55.96211624145508
-330.52642822265625	-55.96211624145508
-330.7919616699219	-56.120235443115234
-331.1312255859375	-56.324668884277344
-331.61334228515625	-56.62070846557617
-332.16326904296875	-56.966487884521484
-332.6788330078125	-57.299964904785156
-332.958251953125	-57.48421096801758
-333.2441101074219	-57.67538833618164
-333.7154235839844	-57.996158599853516
-334.02386474609375	-58.209815979003906
-334.4046630859375	-58.47705078125
-334.8287353515625	-58.77845764160156
-335.07415771484375	-58.95437240600586
-335.3267517089844	-59.13661575317383
-335.91119384765625	-59.56342315673828
-336.3331298828125	-59.87691116333008
-336.58734130859375	-60.06794738769531
-337.15582275390625	-60.50242614746094
-337.6044616699219	-60.853240966796875
-337.9388427734375	-61.11943054199219
-338.6459655761719	-61.697940826416016
-339.091552734375	-62.07326889038086
-339.3487243652344	-62.29422378540039
-339.74505615234375	-62.64060592651367
-339.9878845214844	-62.85626220703125
-340.47662353515625	-63.299461364746094
-340.7333068847656	-63.537174224853516
-341.17352294921875	-63.953094482421875
-341.8477783203125	-64.61021423339844
-342.0719909667969	-64.83479309082031
-342.52923583984375	-65.30224609375
-342.9100341796875	-65.70101928710938
-343.3076477050781	-66.12727355957031
-343.52728271484375	-66.3671875
-343.7467041015625	-66.61001586914062
-343.968994140625	-66.85940551757812
-344.5454406738281	-67.52201843261719
-344.7446594238281	-67.75723266601562
-345.13177490234375	-68.22318267822266
-345.3489990234375	-68.49004364013672
-345.69781494140625	-68.92686462402344
-345.9111328125	-69.19998931884766
-346.24359130859375	-69.63465881347656
-346.44708251953125	-69.9059066772461
-346.7974853515625	-70.38270568847656
-346.9523010253906	-70.88823699951172
-347.2960205078125	-71.08537292480469
-347.8115539550781	-71.8402099609375
-348.12347412109375	-72.31011199951172
-348.289794921875	-72.56353759765625
-348.47637939453125	-72.84968566894531
-348.951416015625	-73.58322143554688
-349.6846923828125	-74.71935272216797
-349.96038818359375	-75.14608764648438
-350.26446533203125	-75.6159439086914
-350.4500427246094	-75.90223693847656
-350.751708984375	-76.366943359375
-350.751708984375	-76.89627838134766
-351.095703125	-76.89627838134766
-351.40771484375	-77.37612915039062
-351.60498046875	-77.67945861816406
-352.0773010253906	-78.40555572509766
-352.2440185546875	-78.66195678710938
-352.41650390625	-78.92730712890625
-352.587890625	-79.19100952148438
-352.7590026855469	-79.45439147949219
-352.9313659667969	-79.71992492675781
-353.273193359375	-80.2481918334961
-353.4360046386719	-80.5013198852539
-353.6051025390625	-80.76554870605469
-353.9414978027344	-81.29669952392578
-354.2392272949219	-81.77474212646484
-354.4418029785156	-82.10520935058594
-354.7176208496094	-82.56338500976562
-355.170166015625	-83.3376235961914
-355.3206787109375	-83.60183715820312
-355.4877014160156	-83.89865112304688
-355.77423095703125	-84.41631317138672
-356.05731201171875	-84.93834686279297
-356.20135498046875	-85.20809936523438
-356.34613037109375	-85.48214721679688
-356.6395568847656	-86.04696655273438
-356.898193359375	-86.5562744140625
-357.04498291015625	-86.84999084472656
-357.52691650390625	-87.83377075195312
-357.7737731933594	-88.34774780273438
-357.8858947753906	-88.85292053222656
-358.11376953125	-89.06787109375
-358.28411865234375	-89.43431091308594
-358.3741455078125	-89.88959503173828
-358.75091552734375	-90.45319366455078
-358.9988098144531	-91.00161743164062
-359.1352233886719	-91.3061294555664
-359.4764709472656	-92.07919311523438
-359.614501953125	-92.39703369140625
-359.8545837402344	-92.95779418945312
-359.96630859375	-93.75192260742188
-360.3277282714844	-94.09954833984375
-360.53515625	-94.62224578857422
-360.8451843261719	-95.4344253540039
-361.04986572265625	-95.99818420410156
-361.2331237792969	-96.52306365966797
-361.42645263671875	-97.10122680664062
-361.600341796875	-97.64750671386719
-361.7034912109375	-97.9832763671875
-361.7900085449219	-98.2724609375
-361.9261169433594	-98.74240112304688
-362.0147705078125	-99.06002044677734
-362.15960693359375	-99.60041809082031
-362.36578369140625	-100.4211654663086
-362.45556640625	-100.8010482788086
-362.56158447265625	-101.27323913574219
-362.7369079589844	-102.11128234863281
-362.84674072265625	-102.68472290039062
-362.90032958984375	-102.98008728027344
-363.0382080078125	-103.80020141601562
-363.0818786621094	-104.3800048828125
-363.20361328125	-104.94937896728516
-363.2697448730469	-105.48271179199219
-363.306640625	-105.80814361572266
-363.3607482910156	-106.33367919921875
-363.3872375488281	-107.1695327758789
-363.478759765625	-107.8365478515625
-363.5052490234375	-108.33151245117188
-363.5269470214844	-108.8510971069336
-363.54254150390625	-109.41476440429688
-363.5475769042969	-109.98912811279297
-363.5476989746094	-110.8361587524414
-363.5371398925781	-111.36273193359375
-363.5270080566406	-111.70292663574219
-363.4949035644531	-112.479736328125
-363.47845458984375	-112.80412292480469
-363.44805908203125	-113.35221099853516
-363.44805908203125	-113.68222045898438
-363.3976135253906	-114.20391845703125
-363.37860107421875	-114.51954650878906
-363.3604431152344	-114.82050323486328
-363.32745361328125	-115.36753845214844
-363.29132080078125	-115.95803833007812
-363.2551574707031	-116.52149963378906
-363.21240234375	-117.14212799072266
-363.1692810058594	-117.7123031616211
-363.10186767578125	-118.51586151123047
-363.07073974609375	-118.86430358886719
-363.0218505859375	-119.3929443359375
-362.9856872558594	-119.77631378173828
-362.93231201171875	-120.334228515625
-362.86798095703125	-120.98979187011719
-362.8124694824219	-121.53227233886719
-362.74981689453125	-122.1121597290039
-362.6808776855469	-122.71026611328125
-362.64373779296875	-123.01326751708984
-362.568115234375	-123.59261322021484
-362.48779296875	-124.16146087646484
-362.432861328125	-124.52457427978516
-362.3435363769531	-125.07810974121094
-362.1866455078125	-125.95760345458984
-362.086669921875	-126.47029876708984
-362.02166748046875	-126.78622436523438
-361.84429931640625	-127.59452819824219
-361.7669677734375	-127.92564392089844
-361.63568115234375	-128.46319580078125
-361.41839599609375	-129.29598999023438
-361.41839599609375	-129.66708374023438
-361.17724609375	-130.15164184570312
-360.9327087402344	-130.95729064941406
-360.8386535644531	-131.2531280517578
-360.64935302734375	-131.82763671875
-360.44158935546875	-132.4270782470703
-360.26788330078125	-132.9068603515625
-360.05926513671875	-133.46090698242188
-359.842041015625	-134.01341247558594
-359.842041015625	-134.46408081054688
-359.54638671875	-134.7297821044922
-359.4238586425781	-135.0161895751953
-359.2113037109375	-135.49880981445312
-358.96502685546875	-136.0386505126953
-358.7452392578125	-136.50509643554688
-358.4810791015625	-137.04600524902344
-358.1184387207031	-137.75856018066406
-357.9693298339844	-138.04208374023438
-357.73223876953125	-138.48191833496094
-357.3415832519531	-139.1793670654297
-357.17462158203125	-139.4676513671875
-356.9066162109375	-139.91912841796875
-356.742431640625	-140.1894989013672
-356.48602294921875	-140.60325622558594
-356.2950439453125	-140.90481567382812
-356.0185852050781	-141.33242797851562
-355.71246337890625	-141.79360961914062
-355.4106140136719	-142.2363739013672
-355.2196044921875	-142.5102081298828
-354.92926025390625	-142.9177703857422
-354.4327087402344	-143.59092712402344
-354.0945129394531	-144.03550720214844
-353.75830078125	-144.46759033203125
-353.4034729003906	-144.9144287109375
-353.0583801269531	-145.33937072753906
-352.6952209472656	-145.7759552001953
-352.3323974609375	-146.2028045654297
-352.12249755859375	-146.44561767578125
-351.76568603515625	-146.85171508789062
-351.5398864746094	-147.10482788085938
-351.187744140625	-147.49411010742188
-350.96514892578125	-147.73681640625
-350.7326354980469	-147.9878692626953
-350.33349609375	-148.41307067871094
-349.893310546875	-148.8739471435547
-349.5374755859375	-149.2403564453125
-349.323974609375	-149.4574737548828
-348.6865234375	-150.09642028808594
-348.2883605957031	-150.4884796142578
-348.07757568359375	-150.9170684814453
-347.4359130859375	-151.3057098388672
-347.1655578613281	-151.55841064453125
-346.7841491699219	-151.90911865234375
-346.50469970703125	-152.16162109375
-345.8749084472656	-152.71714782714844
-345.6456604003906	-152.91500854492188
-345.18145751953125	-153.30831909179688
-344.685546875	-153.71942138671875
-344.44537353515625	-153.91546630859375
-343.9342346191406	-154.32601928710938
-343.2431640625	-154.8663330078125
-342.96185302734375	-155.08242797851562
-342.49951171875	-155.4332275390625
-342.21954345703125	-155.64303588867188
-341.7625427246094	-155.98138427734375
-341.50823974609375	-156.1674346923828
-341.2527770996094	-156.35263061523438
-341.00677490234375	-156.52923583984375
-340.7514953613281	-156.7108154296875
-340.4831237792969	-156.899658203125
-339.79022216796875	-157.37713623046875
-339.24932861328125	-157.7391357421875
-338.53326416015625	-158.20423889160156
-338.3391418457031	-158.49053955078125
-337.84881591796875	-158.63539123535156
-337.5655822753906	-158.80982971191406
-337.0633544921875	-159.11386108398438
-336.7420959472656	-159.30465698242188
-336.4905090332031	-159.59451293945312
-335.969970703125	-159.75155639648438
-335.4387512207031	-160.04949951171875
-335.135986328125	-160.21597290039062
-334.844482421875	-160.3739471435547
-334.56878662109375	-160.52134704589844
-334.0198974609375	-160.80828857421875
-333.48944091796875	-161.0785675048828
-333.219482421875	-161.21360778808594
-332.8957824707031	-161.37294006347656
-332.25408935546875	-161.68141174316406
-331.5208740234375	-162.0218048095703
-331.13958740234375	-162.19403076171875
-330.69891357421875	-162.38919067382812
-330.3837585449219	-162.526123046875
-329.80987548828125	-162.77001953125
-329.44952392578125	-162.9195556640625
-328.8971862792969	-163.1436767578125
-328.13616943359375	-163.44174194335938
-327.7776794433594	-163.5784149169922
-327.2284240722656	-163.78489685058594
-326.556884765625	-164.0330810546875
-326.2785949707031	-164.22515869140625
-325.7039794921875	-164.3433837890625
-324.9847412109375	-164.60165405273438
-324.64190673828125	-164.7226104736328
-324.1664733886719	-164.8870086669922
-323.43023681640625	-165.13412475585938
-323.1400146484375	-165.22898864746094
-322.6309814453125	-165.391357421875
-321.980224609375	-165.5902557373047
-321.5084533691406	-165.72845458984375
-321.1670227050781	-165.8250274658203
-320.5367126464844	-165.99610900878906
-320.14874267578125	-166.09695434570312
-319.7786865234375	-166.190185546875
-319.09222412109375	-166.35519409179688
-318.5462951660156	-166.47955322265625
-318.0829162597656	-166.58030700683594
-317.64599609375	-166.67138671875
-317.27142333984375	-166.7465362548828
-316.8630676269531	-166.82562255859375
-316.1369323730469	-166.95718383789062
-315.6821594238281	-167.03369140625
-315.33807373046875	-167.08819580078125
-314.75390625	-167.17437744140625
-314.41424560546875	-167.22073364257812
-313.847900390625	-167.29173278808594
-313.22015380859375	-167.36141967773438
-312.78759765625	-167.40463256835938
-312.29241943359375	-167.4490966796875
-311.9899597167969	-167.47393798828125
-311.5152282714844	-167.5092010498047
-310.9897155761719	-167.54319763183594
-310.34429931640625	-167.57745361328125
-309.88421630859375	-167.59686279296875
-309.2130126953125	-167.6171875
-308.7627868652344	-167.62586975097656
-308.2047119140625	-167.6301727294922
-307.71142578125	-167.62774658203125
-307.3214416503906	-167.6211395263672
-306.75311279296875	-167.6046905517578
-306.2668151855469	-167.58421325683594
-305.7130126953125	-167.5533905029297
-305.3048095703125	-167.525634765625
-304.75421142578125	-167.48226928710938
-304.30810546875	-167.44210815429688
-303.86444091796875	-167.3976593017578
-303.3862609863281	-167.34532165527344
-302.88995361328125	-167.2855682373047
-302.2766418457031	-167.2050323486328
-301.8427429199219	-167.14349365234375
-301.3481140136719	-167.06884765625
-300.9306335449219	-167.0019073486328
-300.3820495605469	-166.90896606445312
-299.93408203125	-166.8284912109375
-299.4313049316406	-166.73358154296875
-298.9037170410156	-166.6287078857422
-298.4037170410156	-166.52392578125
-297.9006042480469	-166.41360473632812
-297.39080810546875	-166.29684448242188
-296.8328857421875	-166.162841796875
-296.3731994628906	-166.04771423339844
-295.85919189453125	-165.91429138183594
-295.3116455078125	-165.76609802246094
-294.81781005859375	-165.62734985351562
-294.2459716796875	-165.4608154296875
-293.80242919921875	-165.3271942138672
-293.0280456542969	-165.08468627929688
-292.5087890625	-164.91514587402344
-291.68621826171875	-164.63522338867188
-291.2192077636719	-164.4707794189453
-290.4542236328125	-164.19244384765625
-289.82354736328125	-163.95498657226562
-289.4411926269531	-163.80734252929688
-289.1250305175781	-163.6828155517578
-288.640869140625	-163.48794555664062
-288.21533203125	-163.3122100830078
-287.7811584472656	-163.12841796875
-287.07574462890625	-162.8193359375
-286.6185607910156	-162.61195373535156
-286.1470947265625	-162.39158630371094
-285.7021484375	-162.17800903320312
-285.4115295410156	-162.03524780273438
-284.927734375	-161.7921905517578
-284.50238037109375	-161.57229614257812
-284.09423828125	-161.3561248779297
-283.6405944824219	-161.1096954345703
-283.21624755859375	-160.87252807617188
-282.7469482421875	-160.6031951904297
-282.29461669921875	-160.33615112304688
-281.97113037109375	-160.1403045654297
-281.59832763671875	-159.90966796875
-281.22686767578125	-159.673583984375
-280.9112243652344	-159.46844482421875
-280.5068664550781	-159.19796752929688
-280.1268615722656	-158.9362335205078
-279.7225036621094	-158.64901733398438
-279.348876953125	-158.37428283691406
-278.96759033203125	-158.0855712890625
-278.58880615234375	-157.7905731201172
-278.41278076171875	-157.4983673095703
-277.8067626953125	-157.1607666015625
-277.6592102050781	-156.89820861816406
-277.29864501953125	-156.7464599609375
-276.7557373046875	-156.30712890625
-276.3849182128906	-156.0113067626953
-276.1440124511719	-155.82205200195312
-275.6485290527344	-155.4405975341797
-275.2695617675781	-155.15658569335938
-274.8951721191406	-154.88401794433594
-274.52349853515625	-154.6209716796875
-274.1199951171875	-154.3441162109375
-273.76007080078125	-154.10537719726562
-273.1709899902344	-153.7299346923828
-272.7758483886719	-153.48875427246094
-272.196533203125	-153.1504364013672
-271.79534912109375	-152.92578125
-271.3856201171875	-152.70486450195312
-270.721435546875	-152.3634490966797
-270.3385009765625	-152.1757049560547
-269.9451904296875	-151.99002075195312
-269.5395812988281	-151.80612182617188
-269.1474609375	-151.63522338867188
-268.7695617675781	-151.47756958007812
-268.35260009765625	-151.31088256835938
-267.94488525390625	-151.1548309326172
-267.5234375	-151.00070190429688
-266.89501953125	-150.78103637695312
-266.4514465332031	-150.63137817382812
-266.0638732910156	-150.50302124023438
-265.6309509277344	-150.36065673828125
-265.20001220703125	-150.2191925048828
-264.8111572265625	-150.09124755859375
-264.37237548828125	-149.94627380371094
-263.9766845703125	-149.81448364257812
-263.55596923828125	-149.67213439941406
-263.16253662109375	-149.53634643554688
-262.740478515625	-149.38706970214844
-262.31939697265625	-149.23329162597656
-261.9223937988281	-149.0835723876953
-261.5082092285156	-148.92266845703125
-261.0545959472656	-148.74143981933594
-260.6705627441406	-148.5849609375
-260.2892761230469	-148.42819213867188
-259.93084716796875	-148.28025817871094
-259.4444274902344	-148.07937622070312
-259.02899169921875	-147.90817260742188
-258.7164001464844	-147.77987670898438
-258.2517395019531	-147.5908966064453
-257.80963134765625	-147.4140625
-257.4253845214844	-147.26356506347656
-257.0259094238281	-147.1105194091797
-256.66522216796875	-146.97515869140625
-256.27679443359375	-146.8316650390625
-255.86793518066406	-146.682861328125
-255.5561981201172	-146.57054138183594
-255.20050048828125	-146.44320678710938
-254.86111450195312	-146.32235717773438
-254.5263671875	-146.20352172851562
-254.21539306640625	-146.09323120117188
-253.90269470214844	-145.9824676513672
-253.60162353515625	-145.87579345703125
-253.3024444580078	-145.77035522460938
-252.97659301757812	-145.65664672851562
-252.4014892578125	-145.45706176757812
-252.0872802734375	-145.34837341308594
-251.66754150390625	-145.2034912109375
-251.3018798828125	-145.0774688720703
-250.88551330566406	-144.9337921142578
-250.45257568359375	-144.78268432617188
-250.16802978515625	-144.68174743652344
-249.85708618164062	-144.56907653808594
-249.59042358398438	-144.39202880859375
-249.28126525878906	-144.3533477783203
-248.72195434570312	-144.13641357421875
-248.41424560546875	-144.01565551757812
-247.85659790039062	-143.79649353027344
-247.54925537109375	-143.67596435546875
-246.94874572753906	-143.4412841796875
-246.549560546875	-143.28585815429688
-246.26255798339844	-143.17434692382812
-245.96875	-143.060302734375
-245.53286743164062	-142.89129638671875
-245.0865936279297	-142.71800231933594
-244.7061767578125	-142.56893920898438
-244.26657104492188	-142.3932342529297
-243.8721160888672	-142.23158264160156
-243.36819458007812	-142.02017211914062
-242.93939208984375	-141.83737182617188
-242.66006469726562	-141.7174072265625
-242.35557556152344	-141.58621215820312
-242.07284545898438	-141.4642791748047
-241.71914672851562	-141.31178283691406
-241.4014434814453	-141.17413330078125
-241.1227264404297	-141.05308532714844
-240.8539276123047	-140.87734985351562
-240.5111541748047	-140.78695678710938
-240.17674255371094	-140.64117431640625
-239.823974609375	-140.4873046875
-239.51547241210938	-140.35276794433594
-239.11920166015625	-140.18002319335938
-238.72528076171875	-140.0083465576172
-238.440185546875	-139.88412475585938
-238.15921020507812	-139.76170349121094
-237.83807373046875	-139.62176513671875
-237.56202697753906	-139.50146484375
