13.5670185089	1100.11352539
13.7255573273	1100.38793945
13.8952598572	1100.67980957
14.0739297867	1100.98718262
14.2474956512	1101.28613281
14.4398498535	1101.6171875
14.649477005	1101.97900391
14.8560085297	1102.33666992
15.1302537918	1102.81066895
15.2988901138	1103.1015625
15.4557991028	1103.37231445
15.6531181335	1103.71264648
15.8612136841	1104.07116699
16.0551834106	1104.40405273
16.4502182007	1105.0847168
16.6704978943	1105.46533203
16.8522281647	1105.7791748
17.0563812256	1106.1315918
17.2322368622	1106.43493652
17.3158302307	1106.72802734
17.6015338898	1107.07202148
17.7726554871	1107.36694336
17.9873714447	1107.73730469
18.1402759552	1108.00097656
18.3033180237	1108.28222656
18.5217113495	1108.65869141
18.7316169739	1109.02026367
18.9182033539	1109.3404541
19.0772018433	1109.61352539
19.2725219727	1109.95166016
19.4267425537	1110.22119141
19.6189346313	1110.56140137
19.8354663849	1110.94812012
20.0060157776	1111.25354004
20.2169265747	1111.63208008
20.4068222046	1111.97241211
20.5739650726	1112.27172852
20.7260761261	1112.54394531
20.7260761261	1112.89916992
21.0303115845	1113.08972168
21.2722167969	1113.52380371
21.4564781189	1113.8548584
21.6542034149	1114.20996094
21.8117809296	1114.49267578
22.0488128662	1114.91760254
22.2626152039	1115.30078125
22.4325714111	1115.60522461
22.6740112305	1116.03771973
22.895690918	1116.43493652
23.0630722046	1116.73498535
23.2027263641	1117.17163086
23.44921875	1117.42736816
23.6008834839	1117.69921875
23.7492675781	1117.96496582
24.0051307678	1118.42297363
24.2585601807	1118.87585449
24.4284362793	1119.17944336
24.643283844	1119.56323242
24.8834705353	1119.99230957
25.0339736938	1120.26123047
25.2118530273	1120.57897949
25.4656448364	1121.03173828
25.5965766907	1121.60021973
26.0100154877	1122.00292969
26.3064804077	1122.53173828
26.4914665222	1122.86132812
26.4914665222	1123.19592285
26.8059062958	1123.42053223
27.0437793732	1123.84362793
27.2052536011	1124.13061523
27.5746135712	1124.78723145
27.7616577148	1125.12011719
27.9247627258	1125.41052246
28.2162322998	1125.9296875
28.4694671631	1126.38061523
28.6240997314	1126.65588379
28.9475975037	1127.23156738
29.3401069641	1127.93005371
29.5097351074	1128.23205566
29.6593208313	1128.49829102
29.8342666626	1128.80981445
30.0208454132	1129.14233398
30.2284851074	1129.5123291
30.3829612732	1129.78759766
30.5862503052	1130.1496582
30.7852935791	1130.50439453
30.971572876	1130.83703613
31.2151966095	1131.27209473
31.3986778259	1131.59997559
31.3986778259	1132.17260742
31.7193374634	1132.17260742
31.8877220154	1132.47302246
32.1365852356	1132.91650391
32.3446769714	1133.28674316
32.5280342102	1133.61340332
32.842010498	1134.17297363
33.0731811523	1134.58459473
33.2467498779	1134.89343262
33.4434967041	1135.24316406
33.6205062866	1135.5579834
33.6205062866	1135.91479492
34.1193466187	1136.44458008
34.3251266479	1136.81005859
34.661781311	1137.40795898
35.0079574585	1138.02294922
35.2150611877	1138.39074707
35.3929519653	1138.70666504
35.7041397095	1139.2590332
35.9509239197	1139.69714355
36.1334381104	1140.02111816
36.4983100891	1140.66882324
36.7241439819	1141.06982422
37.0477523804	1141.64440918
37.2390785217	1141.98425293
37.5883407593	1142.60473633
37.7511253357	1142.89379883
38.0225906372	1143.3762207
38.2043533325	1143.69921875
38.4077644348	1144.06091309
38.5818481445	1144.3704834
38.7954368591	1144.75024414
39.0817947388	1145.25939941
39.2550849915	1145.56774902
39.4495849609	1145.91369629
39.6057472229	1146.19152832
39.7814254761	1146.50390625
40.0663909912	1147.0111084
40.0663909912	1147.66723633
40.4352493286	1147.66723633
40.6649246216	1148.07556152
40.8531341553	1148.41027832
41.1559486389	1148.94824219
41.3635635376	1149.31677246
41.5293197632	1149.61083984
41.7376785278	1149.98034668
41.9703369141	1150.39282227
42.2838363647	1150.94848633
42.685333252	1151.66027832
43.0750236511	1152.35107422
43.3670120239	1152.86901855
43.6012611389	1153.28479004
43.6012611389	1154.02148438
44.0159454346	1154.02148438
44.2489128113	1154.43530273
44.5088806152	1154.89648438
44.7530059814	1155.32983398
44.9849700928	1155.74108887
45.1705856323	1156.07019043
45.1705856323	1156.58227539
45.7619743347	1157.11791992
45.9653015137	1157.47753906
46.3430900574	1158.14624023
46.5421676636	1158.49926758
46.8783111572	1159.09838867
47.103969574	1159.50305176
47.3112220764	1159.87695312
47.5539512634	1160.31665039
47.8344039917	1160.82714844
48.1353607178	1161.3762207
48.3784103394	1161.82080078
48.3784103394	1162.40722656
48.6987686157	1162.40722656
48.9400939941	1162.84924316
48.9400939941	1163.34289551
49.5017929077	1163.87927246
49.7796058655	1164.38964844
50.0027618408	1164.80004883
50.2659606934	1165.28405762
50.6026992798	1165.90380859
50.9031143188	1166.45654297
51.1204376221	1166.85668945
51.3586196899	1167.29492188
51.5631828308	1167.66992188
51.8788833618	1168.24560547
52.1462631226	1168.72973633
52.444393158	1169.26647949
52.6868667603	1169.70141602
52.9387283325	1170.15185547
53.2875900269	1170.77429199
53.8742675781	1171.81835938
53.8742675781	1172.24768066
54.4091529846	1172.76843262
54.8168258667	1173.49206543
55.3156776428	1174.37683105
55.6211051941	1174.91845703
56.0926208496	1175.75476074
56.3735351562	1176.25292969
56.619304657	1176.6887207
56.8517303467	1177.10083008
57.256690979	1177.81884766
57.4906539917	1178.23364258
57.7388343811	1178.6739502
58.0848693848	1179.28747559
58.370639801	1179.79431152
58.7517547607	1180.47021484
59.182384491	1181.23376465
59.6656265259	1182.09094238
59.6656265259	1182.93017578
60.1387290955	1182.93017578
60.635017395	1183.81079102
60.8591690063	1184.20874023
61.0915260315	1184.62133789
61.0915260315	1185.31433105
61.481967926	1185.31433105
61.7471389771	1185.78503418
61.7471389771	1186.30126953
62.3806495667	1186.90979004
62.7581138611	1187.57983398
63.2513237	1188.45605469
63.538105011	1188.96594238
63.8107376099	1189.45031738
64.184387207	1190.11315918
64.5029907227	1190.67871094
64.739692688	1191.09960938
64.9942550659	1191.55297852
65.2266998291	1191.96826172
65.588722229	1192.61938477
65.862121582	1193.1159668
65.862121582	1193.5682373
66.4144897461	1194.13305664
66.4144897461	1194.66723633
67.007774353	1195.24523926
67.007774353	1195.77416992
67.5372009277	1196.25024414
67.9915008545	1197.11950684
68.3214111328	1197.75463867
68.5939331055	1198.28076172
68.8591461182	1198.79296875
69.1017074585	1199.26074219
69.3847503662	1199.80517578
69.7110214233	1200.43066406
69.9604415894	1200.90808105
70.2470397949	1201.45568848
70.5538253784	1202.04077148
70.7730255127	1202.45837402
71.177444458	1203.22802734
71.4932861328	1203.82836914
71.748046875	1204.31237793
72.0283660889	1204.84472656
72.3205413818	1205.39990234
72.6912231445	1206.10461426
72.978515625	1206.65026855
73.3491134644	1207.35144043
73.6109771729	1207.84338379
73.8704528809	1208.32678223
73.8704528809	1209.13647461
74.3084259033	1209.13647461
74.6393127441	1209.74243164
74.6393127441	1210.17810059
75.4379425049	1211.19604492
75.8622283936	1211.96533203
76.1645126343	1212.51171875
76.4748764038	1213.07189941
76.4748764038	1213.56018066
77.0497589111	1214.10742188
77.4972229004	1214.91247559
78.0709228516	1215.94372559
78.3059082031	1216.36584473
78.5987701416	1216.89160156
79.0524673462	1217.70593262
79.9037475586	1219.23364258
80.1570892334	1219.68823242
80.5741271973	1220.43652344
80.8891906738	1221.00170898
81.1691055298	1221.50402832
81.4821090698	1222.06567383
81.8123855591	1222.65844727
82.1290054321	1223.22680664
82.4273376465	1223.7623291
82.6651992798	1224.18933105
82.9630737305	1224.72399902
83.2881774902	1225.30773926
83.6265335083	1225.9152832
83.9496917725	1226.4954834
84.2972412109	1227.11938477
84.5372467041	1227.55029297
84.8302001953	1228.0760498
85.2063827515	1228.7512207
85.7791442871	1229.77905273
86.1303787231	1230.40930176
86.3741912842	1230.84692383
86.7999343872	1231.61083984
86.7999343872	1232.19775391
87.1269989014	1232.19775391
87.3777313232	1232.64770508
87.630531311	1233.1015625
87.8929519653	1233.57275391
88.3106536865	1234.32299805
88.6385345459	1234.91186523
88.9175949097	1235.41333008
89.5126647949	1236.48291016
89.8699874878	1237.12524414
90.4714736938	1238.20690918
90.4714736938	1239.18469238
91.0151824951	1239.18469238
91.4481048584	1239.96325684
91.7954483032	1240.58789062
92.2489089966	1241.40307617
92.4781799316	1241.81530762
92.7990570068	1242.39208984
93.193687439	1243.10119629
93.6947402954	1244.00146484
93.9675140381	1244.49145508
94.3318939209	1245.14575195
95.1564941406	1246.62585449
95.8215560913	1247.81811523
96.0941925049	1248.30895996
96.3364181519	1248.74633789
96.8306732178	1249.640625
97.0596542358	1250.05566406
97.4631958008	1250.78735352
97.7218933105	1251.2565918
98.2886505127	1252.28491211
98.5242919922	1252.71264648
98.5242919922	1253.40991211
99.2082748413	1253.95397949
99.4664840698	1254.42260742
99.7330932617	1254.90649414
100.093467712	1255.56066895
100.436035156	1256.18237305
100.718353271	1256.69482422
101.008720398	1257.22192383
101.507720947	1258.12768555
101.874412537	1258.79309082
102.410606384	1259.76550293
102.701347351	1260.29260254
102.958816528	1260.75927734
103.418319702	1261.59216309
103.724708557	1262.14770508
103.954193115	1262.5637207
104.312324524	1263.21289062
104.676193237	1263.87255859
104.923316956	1264.32067871
104.923316956	1264.81079102
105.193580627	1265.3807373
105.734542847	1265.79199219
106.109321594	1266.47180176
106.385002136	1266.97180176
106.650817871	1267.45385742
106.900238037	1267.90625
107.189437866	1268.4309082
107.503158569	1268.99987793
107.743103027	1269.43505859
107.981262207	1269.86706543
108.27822876	1270.40563965
108.587837219	1270.96716309
108.990432739	1271.69726562
109.262939453	1272.19104004
109.508857727	1272.63598633
109.764678955	1273.09851074
110.039390564	1273.59533691
110.437805176	1274.31848145
110.961608887	1275.28161621
111.212799072	1275.74987793
111.7735672	1276.81628418
112.098358154	1277.44750977
112.382545471	1278.00805664
112.602409363	1278.44750977
112.855255127	1278.95825195
113.24319458	1279.75231934
113.4920578	1280.26757812
113.7161026	1280.73413086
114.162269592	1281.66967773
114.506317139	1282.39489746
114.763595581	1282.93847656
114.986625671	1283.41052246
115.244354248	1283.9564209
115.517066956	1284.53442383
115.822616577	1285.18225098
116.042449951	1285.6484375
116.309165955	1286.21386719
116.518714905	1286.65795898
116.7682724	1287.18676758
117.134246826	1287.96228027
117.448997498	1288.62890625
117.65196228	1289.05883789
117.934295654	1289.65673828
118.250442505	1290.32617188
118.540115356	1290.93969727
118.96774292	1291.84533691
119.443382263	1292.85083008
119.6798172	1293.35009766
119.9012146	1293.81872559
120.135910034	1294.31811523
120.373069763	1294.8269043
120.653114319	1295.43518066
120.849838257	1295.86779785
120.849838257	1296.38745117
121.282676697	1296.83532715
121.494010925	1297.31420898
121.850990295	1298.12963867
122.055786133	1298.59960938
122.055786133	1299.51416016
122.452941895	1299.51416016
122.623748779	1299.90820312
122.921127319	1300.59509277
123.175003052	1301.1817627
123.377212524	1301.64916992
123.57434082	1302.10510254
123.807907104	1302.64526367
124.054031372	1303.21447754
124.233688354	1303.62988281
124.462677002	1304.15942383
124.646972656	1304.58544922
124.84703064	1305.04797363
125.187416077	1305.83349609
125.399589539	1306.32226562
125.625518799	1306.84350586
125.822906494	1307.30029297
126.198135376	1308.1739502
126.455413818	1308.77966309
126.689407349	1309.3371582
126.922653198	1309.90112305
127.083618164	1310.29711914
127.272415161	1310.77099609
127.550773621	1311.49206543
127.702468872	1311.89782715
127.874267578	1312.36730957
128.025970459	1312.79077148
128.167907715	1313.19360352
128.408996582	1313.89013672
128.566268921	1314.35205078
128.713119507	1314.78723145
128.891479492	1315.3203125
129.031356812	1315.74157715
129.256072998	1316.42700195
129.441421509	1317.00036621
129.577896118	1317.42895508
129.577896118	1317.96374512
129.900985718	1318.46850586
130.092498779	1319.10449219
130.229003906	1319.56848145
130.372268677	1320.06518555
130.515380859	1320.5690918
130.680252075	1321.15820312
130.877990723	1321.87646484
131.008026123	1322.3536377
131.179733276	1322.9864502
131.318481445	1323.49902344
131.423461914	1323.88757324
131.577407837	1324.4576416
131.686889648	1324.86328125
131.814407349	1325.33569336
131.964645386	1325.89245605
132.080825806	1326.32287598
132.080825806	1326.91809082
132.387680054	1327.45825195
132.506622314	1327.89624023
132.629089355	1328.34716797
132.734024048	1328.73413086
132.734024048	1329.36083984
133.045639038	1329.8996582
133.164306641	1330.35351562
133.267272949	1330.75366211
133.376571655	1331.18591309
133.546081543	1331.87341309
133.776138306	1332.8503418
133.776138306	1333.91455078
134.161422729	1334.62695312
134.253082275	1335.07385254
134.340545654	1335.50732422
134.424346924	1335.92724609
134.504577637	1336.33203125
134.661590576	1337.13085938
134.661590576	1337.57421875
134.747741699	1338.04187012
134.9243927	1338.49951172
135.01008606	1338.96057129
135.124389648	1339.59387207
135.210464478	1340.08972168
135.295166016	1340.59838867
135.438537598	1341.5144043
135.529144287	1342.12817383
135.529144287	1342.6496582
135.664825439	1343.08203125
135.729949951	1343.54882812
135.729949951	1344.0402832
135.891464233	1344.71704102
135.951309204	1345.15759277
136.022628784	1345.69091797
136.077209473	1346.10791016
136.132003784	1346.53808594
136.215530396	1347.22290039
136.265106201	1347.65014648
136.306442261	1348.02148438
136.353103638	1348.46496582
136.397094727	1348.90869141
136.462219238	1349.60791016
136.502868652	1350.06518555
136.537765503	1350.46875
136.588653564	1351.07287598
136.675109863	1352.12451172
136.721572876	1352.69714355
136.79548645	1353.61401367
136.8331604	1354.0826416
136.877670288	1354.63061523
136.91569519	1355.09777832
136.948287964	1355.49853516
137.014099121	1356.32336426
137.045806885	1356.73718262
137.093292236	1357.39331055
137.123306274	1357.84155273
137.14491272	1358.19018555
137.177780151	1358.77197266
137.197311401	1359.14941406
137.228302002	1359.79748535
137.247817993	1360.22924805
137.287017822	1361.14025879
137.304519653	1361.55944824
137.304519653	1362.18676758
137.351577759	1362.70556641
137.369720459	1363.15185547
137.388244629	1363.60913086
137.405578613	1364.03735352
137.42906189	1364.61877441
137.447067261	1365.06433105
137.464691162	1365.50097656
137.480453491	1365.89111328
137.496704102	1366.29345703
137.496704102	1367.33374023
137.538711548	1368.11694336
137.607055664	1369.02685547
137.63331604	1369.68859863
137.651367188	1370.14733887
137.688919067	1371.07885742
137.734039307	1372.09545898
137.75769043	1372.57324219
137.781585693	1373.01879883
137.80456543	1373.41479492
137.872924805	1374.43041992
137.945251465	1375.32763672
137.983520508	1375.7578125
138.033203125	1376.28759766
138.102966309	1376.99743652
138.144668579	1377.40930176
138.185699463	1377.80871582
138.229522705	1378.23022461
138.269073486	1378.6081543
138.34286499	1379.30859375
138.385147095	1379.70837402
138.431304932	1380.14379883
138.486129761	1380.66040039
138.535751343	1381.12780762
138.598266602	1381.71643066
138.688583374	1382.5670166
138.732925415	1382.98425293
138.774658203	1383.3770752
138.842956543	1384.0201416
138.886520386	1384.43041992
138.969665527	1385.21362305
139.013504028	1385.62634277
139.07913208	1386.24450684
139.166046143	1387.06274414
139.25793457	1387.92724609
139.319046021	1388.50244141
139.369842529	1388.98046875
139.460083008	1389.82971191
139.503753662	1390.24035645
139.578491211	1390.9432373
139.629074097	1391.41845703
139.715637207	1392.23205566
139.76852417	1392.72875977
139.84387207	1393.43676758
139.903259277	1393.99438477
139.942230225	1394.36010742
140.004653931	1394.94567871
140.056564331	1395.43249512
140.056564331	1396.19055176
140.18649292	1396.64196777
140.230834961	1397.05249023
140.298751831	1397.68762207
140.366088867	1398.33886719
140.366088867	1398.73999023
140.444839478	1399.15405273
140.484054565	1399.58703613
140.513397217	1399.92138672
140.513397217	1400.65625
140.619262695	1401.18896484
140.651107788	1401.58215332
140.685714722	1402.00805664
140.719543457	1402.42358398
140.769729614	1403.04431152
140.80166626	1403.44628906
140.865631104	1404.28320312
140.892776489	1404.65820312
140.949996948	1405.52807617
140.970489502	1405.88525391
140.995300293	1406.36181641
141.018310547	1406.86914062
141.039047241	1407.39221191
141.055480957	1407.83654785
141.072296143	1408.32006836
141.09828186	1409.13964844
141.116607666	1409.81713867
141.116607666	1410.27062988
141.134735107	1410.76147461
141.139511108	1411.1619873
141.142913818	1412.20068359
141.139556885	1413.05700684
141.137329102	1413.38916016
141.134353638	1413.7677002
141.128601074	1414.40625
141.120864868	1415.19104004
141.120864868	1415.62915039
141.112182617	1416.02856445
141.105834961	1416.62854004
141.100570679	1417.12023926
141.096099854	1417.53771973
141.092178345	1417.90344238
141.081863403	1418.81213379
141.077178955	1419.2064209
141.077178955	1420.05932617
141.065444946	1420.39123535
141.062835693	1421.04821777
141.062789917	1421.47875977
141.063690186	1421.90515137
141.063690186	1422.63745117
141.069396973	1423.20861816
141.069396973	1424.09130859
141.076507568	1424.50097656
141.07913208	1424.96777344
141.083251953	1425.69458008
141.085601807	1426.10632324
141.087936401	1426.5189209
141.090133667	1426.90649414
141.092056274	1427.24755859
141.097808838	1428.2590332
141.100341797	1428.70361328
141.103042603	1429.17480469
141.105026245	1429.52209473
141.105026245	1430.13525391
141.111755371	1430.71325684
141.114639282	1431.22558594
141.118896484	1431.98071289
141.121612549	1432.46276855
141.12600708	1433.24389648
141.128128052	1433.62182617
141.131103516	1434.15563965
141.134735107	1434.80126953
141.13760376	1435.3112793
141.139404297	1435.62988281
141.141860962	1436.06860352
141.143630981	1436.38354492
141.147186279	1437.01477051
141.14944458	1437.41711426
141.151138306	1437.72058105
141.153686523	1438.17407227
141.156082153	1438.60766602
141.158813477	1439.09692383
141.161209106	1439.53027344
141.163711548	1439.9777832
141.163711548	1440.33154297
141.168045044	1440.765625
141.171142578	1441.26794434
141.173706055	1441.63476562
141.176239014	1442.03442383
141.177902222	1442.40478516
141.178878784	1442.81323242
141.179031372	1443.34350586
141.178436279	1443.78649902
141.177520752	1444.22790527
141.176513672	1444.62988281
141.175445557	1445.03027344
141.173629761	1445.67529297
141.171478271	1446.41491699
141.169311523	1447.15563965
141.167526245	1447.76330566
141.16619873	1448.20556641
141.164230347	1448.8684082
141.163208008	1449.21166992
141.161437988	1449.80895996
141.160125732	1450.24658203
141.159057617	1450.6072998
141.157043457	1451.29638672
141.155181885	1451.92590332
141.152954102	1452.68457031
141.151702881	1453.11010742
141.150360107	1453.56640625
141.148651123	1454.15673828
141.147506714	1454.55383301
141.146224976	1455.00231934
141.145172119	1455.37451172
141.144073486	1455.75952148
141.142288208	1456.39624023
141.141159058	1456.79968262
141.140075684	1457.18945312
141.138717651	1457.68823242
141.137710571	1458.05786133
141.136383057	1458.54541016
141.135467529	1458.88769531
141.134521484	1459.23876953
141.133529663	1459.60974121
141.132400513	1460.03759766
141.131164551	1460.50402832
141.129638672	1461.07470703
141.128479004	1461.5234375
141.12713623	1462.03356934
141.126190186	1462.39550781
141.123413086	1463.41479492
141.122192383	1463.85424805
141.119857788	1464.69274902
141.118896484	1465.02978516
141.117141724	1465.6315918
141.115722656	1466.10546875
141.114532471	1466.49743652
141.114532471	1467.21728516
141.11050415	1467.81018066
141.108184814	1468.54736328
141.107070923	1468.90356445
141.107070923	1469.21020508
141.106109619	1469.64123535
141.102798462	1470.24926758
141.102798462	1470.64416504
141.100067139	1471.10449219
141.100067139	1471.48046875
141.097702026	1471.85583496
141.095581055	1472.51989746
141.095581055	1473.29040527
141.091461182	1473.8125
141.09022522	1474.19677734
141.088546753	1474.72851562
141.087310791	1475.11474609
141.08493042	1475.86889648
141.083602905	1476.28686523
141.082183838	1476.74572754
141.080612183	1477.24902344
141.079284668	1477.67504883
141.077682495	1478.18774414
141.076583862	1478.53869629
141.075210571	1478.9831543
141.073242188	1479.61730957
141.070739746	1480.42700195
141.069595337	1480.79223633
141.068054199	1481.28747559
141.066055298	1481.93457031
141.066055298	1482.35754395
141.062271118	1483.15649414
141.061080933	1483.54467773
141.058929443	1484.23730469
141.057556152	1484.68481445
141.056060791	1485.15771484
141.053695679	1485.92321777
141.051727295	1486.55883789
141.050430298	1486.97070312
141.047576904	1487.8894043
141.04460144	1488.84619141
141.043319702	1489.25683594
141.040481567	1490.16296387
141.039260864	1490.54931641
141.037200928	1491.20996094
141.034606934	1492.05114746
141.032302856	1492.79504395
141.03062439	1493.33666992
141.029129028	1493.82763672
141.029129028	1494.26098633
141.026626587	1494.64453125
141.025482178	1495.01708984
141.02381897	1495.55151367
141.022613525	1495.94458008
141.020950317	1496.48046875
141.019882202	1496.83032227
141.018539429	1497.26452637
141.01651001	1497.92724609
141.01512146	1498.38122559
141.01399231	1498.7434082
141.012741089	1499.15380859
141.011398315	1499.59973145
141.00982666	1500.11376953
141.008773804	1500.46240234
141.00769043	1500.82189941
141.006759644	1501.13024902
141.004730225	1501.81433105
141.00302124	1502.38244629
141.00177002	1502.79052734
140.999221802	1503.61547852
140.998123169	1503.97924805
140.996429443	1504.52624512
140.99508667	1504.97692871
140.994049072	1505.29589844
140.993011475	1505.60119629
140.991790771	1505.96069336
140.989974976	1506.50219727
140.988586426	1506.92822266
140.987289429	1507.3293457
140.98614502	1507.6887207
140.985015869	1508.04821777
140.983520508	1508.57189941
140.982421875	1508.95336914
140.981384277	1509.31188965
140.980438232	1509.64892578
140.979446411	1510.00073242
140.978240967	1510.41442871
140.976638794	1510.9831543
140.975646973	1511.34521484
140.974639893	1511.7097168
140.972457886	1512.47387695
140.970581055	1513.09680176
140.969207764	1513.54724121
140.968170166	1513.88452148
140.967041016	1514.34130859
140.966430664	1514.68066406
140.96546936	1515.26574707
140.964584351	1515.64562988
140.963241577	1516.02160645
140.961257935	1516.38989258
140.957870483	1516.80273438
140.951171875	1517.32739258
140.943984985	1517.72229004
140.932098389	1518.19543457
140.920013428	1518.58410645
140.907623291	1518.9251709
140.883499146	1519.50219727
140.848892212	1520.24499512
140.829772949	1520.63146973
140.813293457	1520.95703125
140.796203613	1521.29040527
140.768096924	1521.83056641
140.743103027	1522.30529785
140.719573975	1522.74926758
140.698944092	1523.13720703
140.682540894	1523.44470215
140.649810791	1524.05688477
140.628112793	1524.46142578
140.587005615	1525.23046875
140.56803894	1525.58251953
140.535675049	1526.1817627
140.495910645	1526.92919922
140.478668213	1527.2668457
140.458465576	1527.68054199
140.440734863	1528.05847168
140.413772583	1528.66015625
140.398040771	1529.02368164
140.381790161	1529.40820312
140.36605835	1529.78869629
140.347747803	1530.2388916
140.322021484	1530.88061523
140.306365967	1531.27124023
140.292556763	1531.6159668
140.276367188	1532.02038574
140.259521484	1532.44396973
140.236328125	1533.05029297
140.221054077	1533.47485352
140.207702637	1533.86865234
140.196762085	1534.20666504
140.1849823	1534.5847168
140.170440674	1535.07165527
140.153518677	1535.67041016
140.142990112	1536.06140137
140.132995605	1536.44165039
140.121551514	1536.89367676
140.111297607	1537.30883789
140.100479126	1537.75292969
140.084320068	1538.40722656
140.072937012	1538.86669922
140.058578491	1539.45361328
140.05015564	1539.79345703
140.039245605	1540.23339844
140.014175415	1541.26037598
139.994247437	1542.09973145
139.981048584	1542.65917969
139.981048584	1543.44177246
139.962524414	1544.28259277
139.933013916	1544.68798828
139.922012329	1545.15209961
139.905502319	1545.85473633
139.89453125	1546.31262207
139.885787964	1546.6809082
139.87677002	1547.06420898
139.866973877	1547.48205566
139.857299805	1547.89672852
139.844390869	1548.44995117
139.832733154	1548.94946289
139.822769165	1549.37695312
139.811630249	1549.85449219
139.798980713	1550.39562988
139.785369873	1550.97497559
139.774795532	1551.42553711
139.765029907	1551.8470459
139.75378418	1552.33569336
139.742706299	1552.8112793
139.71635437	1553.96691895
139.71635437	1554.61621094
139.688964844	1555.15380859
139.677871704	1555.62670898
139.666870117	1556.09399414
139.650665283	1556.77990723
139.638580322	1557.29077148
139.626174927	1557.8125
139.61164856	1558.42687988
139.601654053	1558.8482666
139.585159302	1559.54321289
139.574371338	1560.00537109
139.574371338	1560.46948242
139.551895142	1560.98730469
139.551895142	1561.48388672
139.524307251	1562.22143555
139.524307251	1562.69262695
139.502593994	1563.19335938
139.490982056	1563.7097168
139.481460571	1564.13232422
139.46472168	1564.87133789
139.453155518	1565.38085938
139.442367554	1565.85620117
139.431182861	1566.34875488
139.419876099	1566.84509277
139.404418945	1567.52368164
139.383880615	1568.42602539
139.370269775	1569.02355957
139.359191895	1569.51000977
139.359191895	1570.29772949
139.322784424	1571.11181641
139.312286377	1571.57397461
139.300201416	1572.10705566
139.289993286	1572.55773926
139.275634766	1573.19262695
139.267059326	1573.57189941
139.257217407	1574.00915527
139.247360229	1574.44592285
139.236221313	1574.9317627
139.227310181	1575.32421875
139.209609985	1576.1204834
139.199554443	1576.58312988
139.190307617	1577.01171875
139.171234131	1577.90002441
139.161560059	1578.35180664
139.144821167	1579.13537598
139.144821167	1579.62841797
139.115234375	1580.52050781
139.10458374	1581.01916504
139.087875366	1581.79931641
139.077468872	1582.28479004
139.055587769	1583.30505371
139.046325684	1583.73693848
139.030441284	1584.47619629
139.02041626	1584.94213867
138.999801636	1585.90136719
138.991516113	1586.2878418
138.976425171	1586.99157715
138.967559814	1587.40515137
138.955947876	1587.94726562
138.955947876	1588.36572266
138.936782837	1588.84484863
138.921508789	1589.55737305
138.909439087	1590.12451172
138.900665283	1590.53735352
138.888885498	1591.0904541
138.877502441	1591.62475586
138.863708496	1592.26855469
138.852935791	1592.7689209
138.843597412	1593.20129395
138.833374023	1593.67602539
138.825485229	1594.04162598
138.814193726	1594.56518555
138.798660278	1595.28491211
138.786468506	1595.84985352
138.777679443	1596.25744629
138.766098022	1596.79431152
138.752990723	1597.40087891
138.740997314	1597.95666504
138.740997314	1598.36303711
138.71484375	1599.16564941
138.704360962	1599.65039062
138.69291687	1600.17919922
138.69291687	1600.87036133
138.677947998	1601.92016602
138.647201538	1602.28979492
138.622833252	1603.41394043
138.622833252	1604.27514648
138.586166382	1605.10791016
138.572723389	1605.72937012
138.561737061	1606.23840332
138.553192139	1606.63391113
138.543197632	1607.09570312
138.535415649	1607.4552002
138.524627686	1607.9543457
138.515975952	1608.35351562
138.5050354	1608.8581543
138.493621826	1609.38537598
138.485916138	1609.74072266
138.476257324	1610.18652344
138.460357666	1610.91992188
138.460357666	1611.39221191
138.419799805	1612.79064941
138.405654907	1613.4432373
138.395507812	1613.91125488
138.38710022	1614.29931641
138.378692627	1614.6875
138.37109375	1615.03649902
138.34526062	1616.22802734
138.327087402	1617.06567383
138.318054199	1617.48291016
138.309555054	1617.875
138.294967651	1618.5489502
138.285476685	1618.98876953
138.267318726	1619.82873535
138.25994873	1620.17053223
138.245773315	1620.82641602
138.237121582	1621.22814941
138.214935303	1622.25646973
138.214935303	1623.25170898
138.178421021	1623.99475098
138.16897583	1624.44799805
138.15953064	1624.875
138.148330688	1625.33569336
138.127731323	1626.06799316
138.104049683	1626.74951172
138.089035034	1627.12341309
138.068389893	1627.57788086
138.035202026	1628.20690918
138.011169434	1628.60473633
137.983963013	1629.01733398
137.951782227	1629.47045898
137.925857544	1629.81567383
137.880493164	1630.39355469
137.846435547	1630.81164551
137.806945801	1631.28649902
137.766067505	1631.77087402
137.689788818	1632.66687012
137.623184204	1633.45214844
137.581161499	1633.94165039
137.550476074	1634.29187012
137.498748779	1634.86743164
137.425750732	1635.63305664
137.379547119	1636.08935547
137.338882446	1636.47058105
137.260971069	1637.15588379
137.203491211	1637.62658691
137.150741577	1638.03515625
137.150741577	1638.77856445
136.936447144	1639.50683594
136.801452637	1640.31054688
136.735992432	1640.67602539
136.655136108	1641.11035156
136.537719727	1641.71203613
136.377029419	1642.48730469
136.29750061	1642.85327148
136.216369629	1643.21630859
136.04977417	1643.93334961
135.953414917	1644.33068848
135.770843506	1645.04650879
135.661270142	1645.453125
135.498931885	1646.02954102
135.392532349	1646.3939209
135.264801025	1646.81982422
135.140258789	1647.22509766
135.140258789	1648.1015625
134.611419678	1648.87646484
134.471801758	1649.30187988
134.348999023	1649.67480469
134.165557861	1650.22973633
134.010360718	1650.69592285
133.892272949	1651.04858398
133.780548096	1651.37976074
133.674728394	1651.69055176
133.674728394	1652.24731445
133.316955566	1652.71899414
133.192687988	1653.06628418
133.192687988	1653.39086914
132.95300293	1653.71972656
132.721954346	1654.32788086
132.721954346	1654.71337891
132.407989502	1655.12524414
132.263336182	1655.48266602
132.125762939	1655.81884766
131.845367432	1656.4967041
131.54876709	1657.20458984
131.428421021	1657.48913574
131.266845703	1657.8684082
131.019958496	1658.44091797
130.726150513	1659.10925293
130.519927979	1659.56799316
130.37322998	1659.88977051
130.150985718	1660.36828613
129.833496094	1661.03515625
129.631256104	1661.44824219
129.477310181	1661.75756836
129.226089478	1662.2512207
129.057128906	1662.57653809
128.654846191	1663.32861328
128.494430542	1663.61987305
128.251052856	1664.05273438
128.029022217	1664.43896484
127.84916687	1664.74536133
127.84916687	1665.33776855
127.492874146	1665.33776855
127.312416077	1665.6307373
127.312416077	1666.18103027
126.96522522	1666.18103027
126.532791138	1666.84448242
126.31338501	1667.17224121
125.795196533	1667.92370605
125.386558533	1668.49475098
124.777626038	1669.31347656
124.418693542	1669.77978516
124.195457458	1670.06274414
123.981903076	1670.32885742
123.761383057	1670.5994873
123.540481567	1670.86669922
123.126693726	1671.35839844
122.840461731	1671.69335938
122.580200195	1671.99499512
122.580200195	1672.4831543
122.155944824	1672.4831543
121.802536011	1672.88720703
121.257453918	1673.50756836
120.841461182	1673.98010254
120.405426025	1674.47473145
119.93977356	1675.0032959
119.640937805	1675.34301758
119.44694519	1675.98913574
119.072517395	1675.98913574
118.542877197	1676.5871582
118.100753784	1677.08056641
117.731117249	1677.48779297
117.441329956	1677.80273438
117.227516174	1678.03308105
116.908432007	1678.37182617
116.584579468	1678.71069336
116.266418457	1679.0378418
115.720108032	1679.5859375
115.460403442	1679.84008789
115.19367981	1680.09643555
114.547332764	1680.70007324
114.236022949	1680.98156738
113.7706604	1681.39306641
113.320701599	1681.78308105
112.719444275	1682.2956543
112.422714233	1682.54663086
111.694259644	1683.15881348
111.328910828	1683.46459961
111.076972961	1683.6751709
110.761146545	1683.93920898
110.48626709	1684.16894531
110.113113403	1684.48071289
109.858818054	1684.6932373
109.432579041	1685.05029297
108.924743652	1685.47583008
108.445259094	1685.87597656
107.960006714	1686.27734375
107.681236267	1686.50585938
107.416145325	1686.72143555
106.961517334	1687.08654785
106.431343079	1687.50390625
106.198608398	1687.88122559
105.402084351	1688.28222656
104.864471436	1688.67138672
104.574111938	1688.87658691
104.310653687	1689.06030273
103.845314026	1689.37963867
103.506271362	1689.60974121
102.904052734	1690.01464844
102.632553101	1690.19628906
102.182128906	1690.49780273
101.924438477	1690.67016602
101.358825684	1691.04797363
101.096694946	1691.22241211
100.703552246	1691.48291016
100.416366577	1691.67199707
99.8818206787	1692.01965332
99.576789856	1692.21533203
99.2851257324	1692.40014648
98.78465271	1692.71166992
98.4250869751	1692.93041992
97.8252334595	1693.28625488
97.472076416	1693.4909668
96.938293457	1693.79504395
96.3282775879	1694.1348877
96.0574111938	1694.2833252
95.6693725586	1694.49291992
95.1915130615	1694.74621582
94.9129333496	1694.89086914
94.1077423096	1695.29663086
93.780960083	1695.45593262
93.2928543091	1695.68859863
92.6728744507	1695.97729492
92.3562316895	1696.12280273
92.0791320801	1696.24951172
91.5867538452	1696.47387695
90.997177124	1696.74133301
90.364074707	1697.02783203
89.9030914307	1697.23632812
89.3598632812	1697.48181152
88.6653137207	1697.79577637
88.1545410156	1698.02661133
87.827003479	1698.17456055
87.51978302	1698.31347656
86.7788391113	1698.64831543
86.3431167603	1698.84521484
86.0077285767	1698.9967041
85.3551025391	1699.29174805
85.0512084961	1699.42919922
84.5126953125	1699.67248535
84.2003936768	1699.8137207
83.9028015137	1699.94824219
83.563583374	1700.1015625
83.2419891357	1700.24694824
82.8146514893	1700.44018555
82.4951400757	1700.58447266
82.1656112671	1700.73364258
81.8020172119	1700.89819336
81.4505004883	1701.05712891
81.0247344971	1701.24975586
80.7227401733	1701.38635254
80.3717575073	1701.54504395
80.0445022583	1701.69311523
79.7431335449	1701.82958984
79.4330825806	1701.96972656
78.8534317017	1702.23193359
78.4953765869	1702.39404297
77.8428726196	1702.68920898
77.5020294189	1702.84338379
77.030670166	1703.05664062
76.4503097534	1703.31994629
76.1128234863	1703.47351074
75.8116912842	1703.61083984
75.4907684326	1703.75732422
74.9359893799	1704.01086426
74.5419082642	1704.19116211
73.9508895874	1704.4609375
73.6771850586	1704.5859375
73.1416091919	1704.83044434
72.7935180664	1704.98901367
72.1856079102	1705.265625
71.8594970703	1705.41430664
71.4224700928	1705.61437988
71.0248641968	1705.79748535
70.1579284668	1706.20019531
69.6353149414	1706.44458008
69.2638549805	1706.61767578
68.7232055664	1706.87243652
68.4396286011	1707.00878906
67.9055709839	1707.27331543
67.5679473877	1707.4465332
67.2119369507	1707.63415527
66.6007080078	1707.97216797
66.1091766357	1708.25195312
65.5722351074	1708.55993652
65.0717773438	1708.84790039
64.3004837036	1709.29467773
63.9731903076	1709.48547363
63.4277458191	1709.80371094
63.1467819214	1709.9675293
62.6651992798	1710.2479248
62.353805542	1710.42919922
62.0853118896	1710.58544922
61.8034362793	1710.74987793
61.4999504089	1710.92736816
60.9835166931	1711.23168945
60.6674118042	1711.41992188
60.3225021362	1711.62719727
59.8054122925	1711.94445801
59.334197998	1712.24169922
58.7401046753	1712.6282959
58.4753265381	1712.8046875
58.2154922485	1712.97998047
57.7811431885	1713.27709961
57.2673187256	1713.64709473
57.0242385864	1713.82397461
56.7264480591	1714.0423584
56.3103103638	1714.35083008
55.8094177246	1714.7286377
55.5658950806	1714.91540527
55.3132667542	1715.11132812
55.031791687	1715.33239746
54.6120986938	1715.66796875
54.126750946	1716.06616211
53.8230552673	1716.32128906
53.5345420837	1716.56835938
53.1655883789	1716.89135742
52.5941696167	1717.40759277
52.1606063843	1717.8137207
51.7959098816	1718.16491699
51.5455818176	1718.41174316
51.0747871399	1718.88903809
50.5120124817	1719.48278809
50.1067352295	1719.92687988
49.8587303162	1720.20605469
49.3525924683	1720.79455566
49.1507797241	1721.03625488
48.9353561401	1721.29943848
48.6944656372	1721.60058594
48.2604370117	1722.16235352
47.8888244629	1722.66467285
47.6843299866	1722.95043945
47.3273925781	1723.46325684
47.034488678	1723.89672852
46.6990127563	1724.40161133
46.5259895325	1724.66442871
46.3577575684	1724.92126465
46.0724945068	1725.35888672
45.7687683105	1725.82946777
45.6056289673	1726.08496094
45.3088111877	1726.55541992
45.3088111877	1727.02490234
44.8609352112	1727.27368164
44.6972503662	1727.53710938
44.519821167	1727.82299805
44.1202087402	1728.4699707
43.9598846436	1728.73144531
43.6465950012	1729.24755859
43.2818069458	1729.86035156
43.1096343994	1730.15527344
42.8362693787	1730.6328125
42.677822113	1730.91577148
42.3158874512	1731.58374023
42.0613136292	1732.07214355
41.7696151733	1732.65356445
41.5592956543	1733.08398438
41.3213005066	1733.5793457
41.0916900635	1734.06640625
40.9577560425	1734.35522461
40.7303390503	1734.85522461
40.6076812744	1735.13000488
40.4854278564	1735.40783691
40.3532142639	1735.71240234
40.2207946777	1736.02050781
40.0557403564	1736.40771484
39.9141845703	1736.74121094
39.7603569031	1737.10449219
39.498260498	1737.72290039
39.498260498	1738.13110352
39.2288322449	1738.36010742
39.0301742554	1738.83325195
38.8223266602	1739.33325195
38.6242752075	1739.8170166
38.4159202576	1740.33740234
38.2996559143	1740.63366699
38.2996559143	1741.32678223
37.9270248413	1741.62231445
37.8228302002	1741.91235352
37.6103630066	1742.5267334
37.4706802368	1742.95202637
37.2888145447	1743.5345459
37.0749931335	1744.27478027
36.9575042725	1744.71386719
36.8776702881	1745.02880859
36.7500305176	1745.56665039
36.6001701355	1746.27294922
36.5402069092	1746.58325195
36.447303772	1747.10424805
36.3364906311	1747.80297852
36.2582168579	1748.33740234
36.215587616	1748.63977051
36.1205596924	1749.34069824
36.1205596924	1749.88830566
35.9873466492	1750.3984375
35.9230575562	1750.9519043
35.8678131104	1751.4699707
35.814666748	1752.02319336
35.7504768372	1752.77282715
35.6717071533	1753.77404785
35.6717071533	1754.46044922
35.5793571472	1755.04760742
35.5596923828	1755.6340332
35.5231285095	1755.94445801
35.5026931763	1756.32922363
35.4888191223	1757.00952148
35.4553871155	1757.52832031
35.4369125366	1758.2980957
35.4266967773	1758.89257812
35.4178733826	1759.53930664
35.411895752	1760.04833984
35.4087333679	1760.62939453
35.4004745483	1761.16943359
35.4004745483	1761.47412109
35.3931312561	1761.96362305
35.3897018433	1762.34643555
35.3843460083	1762.95141602
35.3786277771	1763.58740234
35.3735542297	1764.11608887
35.3673667908	1764.82910156
35.3653869629	1765.13574219
35.3653869629	1765.49853516
35.3619270325	1765.9967041
35.3605232239	1766.57910156
35.3588790894	1767.43688965
35.3578491211	1768.01525879
35.3578491211	1768.35327148
35.3562240601	1768.92114258
35.3541641235	1770.0925293
35.3527755737	1770.86425781
35.3516235352	1771.47595215
35.3506584167	1771.99401855
35.3492584229	1772.61401367
35.348285675	1772.94775391
35.3473358154	1773.25488281
35.3454475403	1773.95141602
35.3458518982	1774.8371582
35.3477134705	1775.18041992
35.3556442261	1776.0324707
35.3594322205	1776.35327148
35.3636207581	1776.67419434
35.3690948486	1777.06359863
35.3739738464	1777.39038086
35.3821716309	1777.91650391
35.3884735107	1778.30505371
35.393863678	1778.63537598
35.3991699219	1778.95507812
35.4067611694	1779.40625
35.4148368835	1779.87866211
35.4211196899	1780.24145508
35.4266433716	1780.55432129
35.431892395	1781.18920898
35.4539909363	1782.10913086
35.4592666626	1782.41357422
35.4668464661	1782.859375
35.4728126526	1783.20458984
35.4868621826	1783.99938965
35.4985237122	1784.65759277
35.5059509277	1785.07849121
35.5118904114	1785.41601562
35.5175323486	1785.73706055
35.5287742615	1786.37915039
35.5287742615	1786.75036621
35.5428543091	1787.18530273
35.54920578	1787.54919434
35.5546112061	1787.85974121
35.5637931824	1788.38781738
35.5695877075	1788.72143555
35.5759735107	1789.08947754
35.5831108093	1789.49987793
35.5897636414	1789.86425781
35.5954208374	1790.17590332
35.6042098999	1790.68200684
35.610584259	1791.07312012
35.6154212952	1791.3840332
35.6255111694	1792.06323242
35.6313056946	1792.46508789
35.6406555176	1793.11975098
35.6502723694	1793.79907227
35.655002594	1794.13305664
35.6601791382	1794.49755859
35.6672210693	1794.99365234
35.6717453003	1795.31115723
35.6773338318	1795.70251465
35.6852722168	1796.25866699
35.6966438293	1797.05541992
35.7012176514	1797.37512207
35.7056312561	1797.68188477
35.7154388428	1798.3581543
35.7230834961	1798.88720703
35.7331123352	1799.58605957
35.7380485535	1799.93237305
35.7495765686	1800.7409668
35.7586212158	1801.36193848
35.7634887695	1801.69555664
35.7726287842	1802.32006836
35.7793922424	1802.78186035
35.7892608643	1803.45593262
35.7979431152	1804.04785156
35.8058357239	1804.58422852
35.8141326904	1805.14526367
35.8215293884	1805.64599609
35.8279533386	1806.08203125
35.8358955383	1806.63037109
35.8420219421	1807.07324219
35.8505249023	1807.7142334
35.8593597412	1808.40612793
35.86536026	1808.88330078
35.8709754944	1809.33300781
35.8806533813	1810.11816406
35.8860969543	1810.56420898
35.8904647827	1810.92333984
35.8962593079	1811.40039062
35.9001808167	1811.72167969
35.9061393738	1812.20788574
35.9114761353	1812.6394043
35.9176101685	1813.13061523
35.9243469238	1813.66589355
35.9299354553	1814.1072998
35.9402236938	1814.91772461
35.9479789734	1815.52709961
35.9542350769	1816.01806641
35.960319519	1816.49560547
35.9696121216	1817.22436523
35.9754257202	1817.67993164
35.981136322	1818.14526367
35.9886932373	1818.81018066
35.9936904907	1819.23413086
35.9979743958	1819.55810547
36.0079421997	1820.15844727
36.0199317932	1820.67944336
36.0351867676	1821.17089844
36.0501213074	1821.54833984
36.0749053955	1822.03222656
36.0936889648	1822.33300781
36.1391029358	1822.9251709
36.2419242859	1823.94482422
36.2928619385	1824.37915039
36.3522415161	1824.86767578
36.404335022	1825.28674316
36.4430503845	1825.59155273
36.4873580933	1825.93212891
36.5108413696	1826.3137207
36.6282424927	1826.94213867
36.692817688	1827.3638916
36.7640304565	1827.79931641
36.8453178406	1828.25805664
36.9258575439	1828.67822266
37.014541626	1829.10705566
37.1225204468	1829.58630371
37.2193870544	1829.9822998
37.3677825928	1830.53735352
37.4640960693	1830.86901855
37.5905036926	1831.27758789
37.7395019531	1831.72424316
37.9089698792	1832.19372559
38.0565299988	1832.57519531
38.2155761719	1832.96057129
38.4746856689	1833.54199219
38.5648460388	1833.91467285
38.8963356018	1834.38317871
39.0899085999	1834.73376465
39.2854766846	1835.06762695
39.595123291	1835.56237793
39.8138465881	1835.890625
39.9249687195	1836.22192383
40.1991348267	1836.42907715
40.3078613281	1836.73779297
40.5702934265	1836.90625
40.8121681213	1837.19848633
41.006652832	1837.82727051
41.3737335205	1837.82727051
41.5982131958	1838.06201172
41.8779983521	1838.34545898
42.126663208	1838.59033203
42.4172744751	1838.87158203
42.6597251892	1839.10437012
42.9432067871	1839.37670898
43.2317886353	1839.65539551
43.5562973022	1839.9720459
43.8415641785	1840.25488281
44.1238555908	1840.54101562
44.4453582764	1840.87609863
44.7069015503	1841.15673828
44.9873809814	1841.46459961
45.2121047974	1841.7154541
45.4406547546	1841.97436523
45.5630607605	1842.26000977
45.864616394	1842.45776367
46.0710487366	1842.69274902
46.3182449341	1842.97265625
46.8247833252	1843.53747559
47.0682754517	1843.80297852
47.3282089233	1844.08032227
47.6440353394	1844.40722656
47.8885002136	1844.65393066
48.148639679	1844.91088867
48.4957847595	1845.24572754
48.7311935425	1845.46704102
49.0187072754	1845.73083496
49.4999885559	1846.15515137
49.7794837952	1846.39038086
50.1290245056	1846.6730957
50.3761062622	1846.86437988
50.6567497253	1847.07348633
51.0050506592	1847.32043457
51.2879486084	1847.51074219
51.5704116821	1847.69116211
51.9084396362	1847.89477539
52.2911682129	1848.10913086
52.6927757263	1848.31591797
52.9724960327	1848.44848633
53.2862701416	1848.58642578
53.6825828552	1848.74475098
54.2391319275	1848.93884277
54.612247467	1849.05224609
54.9297409058	1849.13916016
55.2810440063	1849.22668457
55.8115005493	1849.34448242
56.1176567078	1849.40625
56.526222229	1849.48388672
56.9475593567	1849.55981445
57.6487579346	1849.68408203
57.9595947266	1849.7388916
58.3017044067	1849.79931641
58.6865539551	1849.8671875
58.9927139282	1849.92126465
59.3903884888	1849.99145508
59.8137130737	1850.06616211
60.1671524048	1850.12854004
60.514339447	1850.18981934
60.8310089111	1850.24572754
61.129699707	1850.29833984
61.5391273499	1850.37060547
61.9267807007	1850.43920898
62.2428092957	1850.49450684
62.6502761841	1850.56591797
63.1105232239	1850.64733887
63.4410896301	1850.70581055
63.8017272949	1850.76916504
64.116394043	1850.82409668
64.4592895508	1850.88427734
64.8837890625	1850.96008301
65.1955413818	1851.01782227
65.5536804199	1851.0871582
65.8517379761	1851.14782715
66.2649307251	1851.23522949
66.7737045288	1851.34619141
67.1012191772	1851.41760254
67.6251373291	1851.53198242
67.9873809814	1851.61108398
68.3092651367	1851.68115234
68.7679977417	1851.78027344
69.0655212402	1851.8449707
69.5423583984	1851.94824219
69.9559631348	1852.03991699
70.3011856079	1852.11791992
70.9844360352	1852.28112793
71.3488540649	1852.37438965
71.651184082	1852.45483398
72.0064163208	1852.55334473
72.3745727539	1852.66088867
72.7707824707	1852.78442383
73.116104126	1852.8996582
73.5215606689	1853.04504395
74.033493042	1853.24621582
74.3471832275	1853.38000488
74.7483520508	1853.56494141
75.060043335	1853.71923828
75.359046936	1853.87719727
75.7238464355	1854.08422852
75.9990921021	1854.25158691
76.4090270996	1854.52099609
76.6130142212	1854.99633789
77.0491638184	1854.99633789
77.345489502	1855.24206543
77.5989837646	1855.46557617
77.8245697021	1855.67504883
78.1215057373	1855.96704102
78.3602600098	1856.21374512
78.494392395	1856.4987793
78.7590713501	1856.65087891
79.1373596191	1857.08911133
79.4283370972	1857.43835449
79.7419052124	1857.82580566
79.9853668213	1858.13415527
80.2507324219	1858.47680664
80.4562072754	1858.74645996
80.6763839722	1859.04077148
80.9526367188	1859.41784668
81.281211853	1859.88134766
81.6123809814	1860.3659668
82.0340270996	1861.01123047
82.2912445068	1861.42480469
82.4996490479	1861.77270508
82.7650527954	1862.23388672
82.9461364746	1862.5625
83.2310028076	1863.10412598
83.3966674805	1863.43457031
83.5809402466	1863.82128906
83.794631958	1864.29394531
84.0534286499	1864.90393066
84.2145462036	1865.3092041
84.4693145752	1865.99865723
84.5796813965	1866.32128906
84.6822662354	1866.63696289
84.8331604004	1867.13525391
84.986579895	1867.69006348
85.1039733887	1868.15917969
85.2041168213	1868.59667969
85.3162765503	1869.14416504
85.3997421265	1869.60546875
85.4742660522	1870.07543945
85.5601959229	1870.71533203
85.6189193726	1871.26245117
85.657623291	1871.71594238
85.6952056885	1872.32641602
85.7078399658	1872.63500977
85.7197570801	1873.140625
85.7202987671	1873.62280273
85.7152709961	1873.96411133
85.7004776001	1874.44421387
85.6603012085	1875.21020508
85.6257858276	1875.66552734
85.575088501	1876.25952148
85.5304336548	1876.79394531
85.4953613281	1877.25134277
85.4575042725	1877.78601074
85.4225692749	1878.34436035
85.401008606	1878.75524902
85.3774642944	1879.29760742
85.3594818115	1879.83728027
85.3449935913	1880.4029541
85.3375549316	1880.73205566
85.3269195557	1881.23461914
85.3165512085	1881.74243164
85.3097686768	1882.08154297
85.3030853271	1882.41796875
85.2939529419	1882.88220215
85.2846832275	1883.35375977
85.2764129639	1883.77038574
85.2658843994	1884.29516602
85.2513961792	1885.01696777
85.2428741455	1885.44311523
85.2269897461	1886.24414062
85.2186889648	1886.66552734
85.2119979858	1887.00561523
85.2055435181	1887.3347168
85.1931533813	1887.9675293
85.1807250977	1888.60290527
85.17137146	1889.07885742
85.1635742188	1889.4786377
85.1635742188	1890.19665527
85.1362609863	1890.90637207
85.1249923706	1891.52734375
85.1148681641	1892.02185059
85.1029663086	1892.51025391
85.0862579346	1893.06225586
85.0748291016	1893.37036133
85.0552444458	1893.81066895
85.0292282104	1894.27612305
85.0020294189	1894.68676758
84.9707794189	1895.10473633
84.9136657715	1895.79528809
84.8718338013	1896.2845459
84.8288574219	1896.77416992
84.7828140259	1897.27685547
84.7476577759	1897.63989258
84.7047119141	1898.0592041
84.6533737183	1898.52246094
84.5854492188	1899.07958984
84.5275497437	1899.50756836
84.4495239258	1900.02990723
84.3642578125	1900.54077148
84.293006897	1900.92980957
84.205657959	1901.36376953
84.205657959	1901.85644531
84.0212020874	1902.17211914
84.0212020874	1902.90563965
83.6802749634	1903.40026855
83.5277252197	1903.87451172
83.3921737671	1904.26660156
83.2732391357	1904.59228516
83.0899658203	1905.06384277
82.9263076782	1905.45849609
82.7705307007	1905.81530762
82.559715271	1906.27087402
82.2183837891	1906.95288086
81.9919128418	1907.37194824
81.7396087646	1907.81030273
81.4813232422	1908.23071289
81.2548904419	1908.57653809
81.136428833	1909.12902832
80.6530838013	1909.40576172
80.408996582	1909.7097168
80.1344604492	1910.03271484
79.7598724365	1910.44506836
79.5251541138	1910.6887207
79.1879272461	1911.01879883
78.9295120239	1911.25769043
78.6687393188	1911.48571777
78.300567627	1911.78833008
78.0041351318	1912.015625
77.7328567505	1912.21228027
77.2119140625	1912.56225586
76.9169540405	1912.7454834
76.5041351318	1912.9855957
76.2106933594	1913.14489746
75.8865737915	1913.30993652
75.5558166504	1913.46655273
75.2359924316	1913.60754395
74.9305496216	1913.73217773
74.5235061646	1913.88464355
74.1895141602	1913.99780273
73.862121582	1914.09899902
73.4432144165	1914.21679688
72.9624710083	1914.3347168
72.6082305908	1914.41015625
72.2656402588	1914.47375488
71.9086761475	1914.53076172
71.5574493408	1914.57788086
71.2509689331	1914.61279297
70.8256149292	1914.65222168
70.4486846924	1914.68017578
70.1457672119	1914.69946289
69.8172149658	1914.71826172
69.3868713379	1914.74108887
68.8715286255	1914.76721191
68.2927703857	1914.79821777
67.8726119995	1914.82299805
67.56199646	1914.84301758
67.1306991577	1914.87365723
66.7526168823	1914.90234375
66.1513214111	1914.95007324
65.5993423462	1914.99462891
65.1484680176	1915.03149414
64.8099517822	1915.05944824
64.3231506348	1915.09973145
63.8047027588	1915.14282227
63.181842804	1915.19458008
62.7047996521	1915.23425293
62.2102355957	1915.27539062
61.5991973877	1915.32617188
61.2476425171	1915.35522461
60.51014328	1915.41601562
59.9302635193	1915.46655273
59.4267120361	1915.51330566
58.9783821106	1915.55651855
58.4471511841	1915.60888672
57.9296798706	1915.66015625
57.3896026611	1915.71386719
56.8272895813	1915.77001953
56.2163619995	1915.83081055
55.7919692993	1915.87304688
55.3653564453	1915.91552734
54.9351577759	1915.95825195
54.5278015137	1915.99890137
54.1638717651	1916.03515625
53.8019866943	1916.07116699
53.3715286255	1916.11401367
52.8631286621	1916.16455078
52.488986969	1916.20178223
52.0723342896	1916.24316406
51.5920753479	1916.29089355
51.2443656921	1916.32568359
50.9191932678	1916.35803223
50.5028915405	1916.39990234
50.1578407288	1916.43457031
49.720413208	1916.47753906
49.2228927612	1916.52380371
48.7771873474	1916.56164551
48.3320083618	1916.59399414
47.9350013733	1916.61657715
47.3859481812	1916.63928223
46.9482498169	1916.65283203
46.6222419739	1916.66149902
46.2269020081	1916.67077637
45.7357635498	1916.67895508
45.297668457	1916.68188477
44.8077659607	1916.6784668
44.4047775269	1916.66918945
44.1014137268	1916.6574707
43.7584228516	1916.63891602
43.2476730347	1916.59875488
42.8203277588	1916.55224609
42.4937324524	1916.50769043
42.0554962158	1916.43432617
41.6774139404	1916.35742188
41.273475647	1916.25915527
40.9661636353	1916.17175293
40.6154327393	1916.05895996
40.2358703613	1915.92016602
39.909072876	1915.78833008
39.3734130859	1915.54882812
39.0206985474	1915.37878418
38.7309303284	1915.23364258
38.3777542114	1915.04858398
38.1026000977	1914.89770508
37.7946624756	1914.72070312
37.4449234009	1914.50732422
37.115272522	1914.29223633
36.8915100098	1914.07373047
36.537399292	1913.87561035
36.2840843201	1913.67211914
36.0146598816	1913.43859863
35.7378540039	1913.17785645
35.4686584473	1912.90380859
35.181098938	1912.59155273
34.9487533569	1912.3293457
34.7380981445	1912.08081055
34.5450057983	1911.84375
34.3289108276	1911.56616211
34.0689506531	1911.21203613
33.8661117554	1910.91760254
33.6683235168	1910.61315918
33.471534729	1910.29101562
33.2491226196	1909.90075684
33.0707740784	1909.56762695
32.8690910339	1909.16772461
32.6861686707	1908.78088379
32.5326309204	1908.4354248
32.3422164917	1907.97399902
32.2011032104	1907.60449219
32.0184745789	1907.08178711
31.8372058868	1906.4954834
31.6983718872	1905.97924805
31.5895042419	1905.51000977
31.5014343262	1905.06518555
31.4053955078	1904.49780273
31.3435707092	1904.07983398
31.270160675	1903.50268555
31.203294754	1902.85803223
31.1506729126	1902.25024414
31.1096153259	1901.73681641
31.0755271912	1901.3034668
31.0376758575	1900.82165527
31.0006942749	1900.35107422
30.9553070068	1899.77575684
30.9379081726	1899.14892578
30.8629703522	1898.61694336
30.8321876526	1898.20007324
30.799446106	1897.71240234
30.769361496	1897.18066406
30.752658844	1896.78955078
30.7390174866	1896.2512207
30.7349891663	1895.81225586
30.7362537384	1895.39941406
30.7442188263	1894.75500488
30.7480106354	1894.26904297
30.7566947937	1893.96875
30.7642211914	1893.50146484
30.7680549622	1892.7265625
30.7835426331	1892.30725098
30.7898139954	1891.9197998
30.7961063385	1891.5291748
30.8026351929	1891.12365723
30.8096466064	1890.68737793
30.8153858185	1890.32922363
30.8210449219	1889.97814941
30.8269271851	1889.61450195
30.8320789337	1889.29650879
30.8384075165	1888.90600586
30.8444156647	1888.53491211
30.8501834869	1888.17700195
30.8573303223	1887.73156738
30.8625354767	1887.40576172
30.8684940338	1887.03161621
30.8744449615	1886.65625
30.8821811676	1886.16748047
30.8879833221	1885.80187988
30.8969497681	1885.23803711
30.8997211456	1884.77746582
30.9117717743	1884.37426758
30.9140338898	1884.07226562
30.9208984375	1883.75280762
30.923210144	1883.34631348
30.9242229462	1882.93798828
30.9220657349	1882.54089355
30.9072723389	1882.09692383
30.8927135468	1881.76965332
30.8462638855	1881.1237793
30.7991199493	1880.69506836
30.7553787231	1880.37756348
30.7086334229	1880.08056641
30.6226387024	1879.60058594
30.5441741943	1879.19812012
30.4556789398	1878.76550293
30.3648929596	1878.34802246
30.2756614685	1877.95678711
30.1644325256	1877.50268555
30.0455932617	1877.05566406
29.9327163696	1876.6706543
29.8175525665	1876.31018066
29.7061882019	1875.98657227
29.5433387756	1875.55053711
29.4117851257	1875.22937012
29.2601470947	1874.89038086
29.1266784668	1874.61450195
28.9768810272	1874.32128906
28.699306488	1873.82397461
28.5089569092	1873.51391602
28.2603874207	1873.13769531
28.0499744415	1872.8425293
27.802274704	1872.51928711
27.5622501373	1872.22753906
27.3270187378	1871.95727539
27.0265159607	1871.62878418
26.7711734772	1871.36181641
26.4969730377	1871.08483887
26.2665710449	1870.8581543
25.9205284119	1870.52368164
25.641658783	1870.25634766
25.2882919312	1869.91821289
25.0261001587	1869.66821289
24.7145824432	1869.37084961
24.3604564667	1869.02856445
24.0125999451	1868.68530273
23.7456817627	1868.41845703
23.4380111694	1868.11035156
23.1918983459	1867.86401367
22.9265480042	1867.59851074
22.7009468079	1867.37304688
22.4820709229	1867.15405273
22.2451858521	1866.91711426
21.937171936	1866.60913086
21.6687412262	1866.34057617
21.3788528442	1866.05053711
21.0647201538	1865.7364502
20.8340988159	1865.5057373
20.5461616516	1865.21826172
20.2748565674	1864.94799805
19.9838523865	1864.65759277
19.7110557556	1864.3828125
19.4230003357	1864.08874512
19.1738700867	1863.82958984
18.8991069794	1863.53686523
18.6682720184	1863.28405762
18.3907051086	1862.96936035
18.1435241699	1862.67700195
17.8823432922	1862.35302734
17.6640167236	1862.06738281
17.4070606232	1861.70959473
17.2325248718	1861.45007324
17.0613555908	1861.17932129
16.8883705139	1860.89086914
16.6739749908	1860.51245117
16.4771957397	1860.12939453
16.3374214172	1859.82312012
16.2070350647	1859.50585938
16.112663269	1859.09765625
15.9587745667	1858.80395508
15.853094101	1858.44458008
15.7682056427	1858.12084961
15.6858978271	1857.76611328
15.6085910797	1857.36975098
15.5730638504	1856.79541016
15.4914970398	1856.46582031
15.4747076035	1856.08349609
15.4452829361	1855.47021484
15.4518795013	1854.99487305
15.4705677032	1854.6027832
15.496295929	1854.26330566
15.5420761108	1853.83618164
15.6203069687	1853.29638672
15.7033920288	1852.84790039
15.7446708679	1852.1953125
16.0045166016	1851.6463623
16.1264286041	1851.25854492
16.2477169037	1850.9050293
16.4015102386	1850.49206543
16.5923595428	1850.02258301
16.72133255	1849.72546387
16.9424762726	1849.24511719
17.1603908539	1848.7989502
17.3121261597	1848.49963379
17.45611763	1848.22253418
17.6859436035	1847.79370117
18.0028858185	1847.22473145
18.2783069611	1846.74804688
18.5499343872	1846.29418945
18.7071685791	1845.7598877
19.0410709381	1845.50646973
19.3302192688	1845.05297852
19.5649223328	1844.6862793
19.8843784332	1844.18640137
20.1973266602	1843.69628906
20.4384326935	1843.32055664
20.6197776794	1843.0390625
20.8096237183	1842.74560547
21.0095672607	1842.43676758
21.2259902954	1842.10253906
21.4361343384	1841.77807617
21.623292923	1841.48864746
21.9980487823	1840.9074707
22.2815132141	1840.46777344
22.4378929138	1839.99890137
22.7535705566	1839.73730469
22.9361953735	1839.45483398
23.2084102631	1839.03393555
23.4226989746	1838.70263672
23.6317710876	1838.37939453
23.8087844849	1838.10583496
23.8087844849	1837.73669434
24.2722415924	1837.39111328
24.4485836029	1837.11914062
24.6187286377	1836.85620117
24.8330841064	1836.52416992
25.0947246552	1836.11572266
25.2989234924	1835.79382324
25.4838752747	1835.49902344
25.662197113	1835.21166992
25.939704895	1834.75683594
26.1444854736	1834.4140625
26.4506378174	1833.88769531
26.6931762695	1833.45715332
26.8457946777	1833.17871094
26.995059967	1832.90063477
27.1516265869	1832.60180664
27.3003063202	1832.31054688
27.4775485992	1831.953125
27.6347503662	1831.62426758
27.7895126343	1831.2890625
28.0241279602	1830.75732422
28.2036552429	1830.32873535
28.3343524933	1830.00170898
28.5379180908	1829.46411133
28.6404399872	1829.17749023
28.7651290894	1828.81201172
28.9489536285	1828.2355957
29.123588562	1827.6418457
29.2320728302	1827.25268555
29.324432373	1826.9041748
29.5289936066	1826.08984375
29.5289936066	1825.63867188
29.7112884521	1825.31396484
29.7112884521	1824.65307617
29.9312381744	1824.31469727
30.0434303284	1823.76831055
30.106464386	1823.44848633
30.1776123047	1823.07373047
30.2944717407	1822.42431641
30.3802452087	1821.91821289
30.4495429993	1821.49133301
30.4971179962	1821.18811035
30.5488319397	1820.8482666
30.5955810547	1820.53149414
30.6969394684	1819.8059082
30.7776260376	1819.18066406
30.8274936676	1818.76660156
30.8274936676	1818.22961426
30.8873786926	1817.87280273
30.9632911682	1817.46447754
30.9961013794	1817.08947754
31.0244178772	1816.73413086
31.062128067	1816.19470215
31.0858650208	1815.79174805
31.1024398804	1815.46789551
31.1024398804	1815.0592041
31.1343173981	1814.62084961
31.1476325989	1814.05700684
31.1525917053	1813.70703125
31.1525917053	1813.18701172
31.15625	1812.80541992
31.1545391083	1812.41723633
31.1491203308	1811.85144043
31.1425952911	1811.40014648
31.1365184784	1811.04980469
31.1234054565	1810.43408203
31.1107578278	1809.90686035
31.0986423492	1809.44152832
31.089017868	1809.08874512
31.089017868	1808.73571777
31.0503311157	1807.76452637
31.0226554871	1806.85668945
31.0096035004	1806.42932129
30.9977245331	1806.04199219
30.9759407043	1805.34692383
30.9639453888	1804.96337891
30.9495449066	1804.50683594
30.9340248108	1804.02197266
30.9191589355	1803.55566406
30.9007358551	1802.97412109
30.8850784302	1802.48083496
30.8711490631	1802.04125977
30.8581066132	1801.62902832
30.8448219299	1801.21166992
30.8218784332	1800.49951172
30.8051128387	1799.97973633
30.7927455902	1799.59472656
30.7792682648	1799.17480469
30.7664833069	1798.77832031
30.7492294312	1798.24365234
30.7492294312	1797.75195312
30.7154159546	1797.21105957
30.7014427185	1796.79064941
30.684425354	1796.28442383
30.6596794128	1795.54321289
30.643951416	1795.05566406
30.6320304871	1794.66210938
30.6194133759	1794.20849609
30.6095542908	1793.79931641
30.5973625183	1793.17431641
30.5890541077	1792.56591797
30.5843963623	1792.07495117
30.581943512	1791.71875
30.5793533325	1791.1809082
30.5770683289	1790.47851562
30.576007843	1790.02160645
30.5747489929	1789.54748535
30.5730953217	1788.98754883
30.5730953217	1788.51147461
30.5689754486	1787.76696777
30.5653877258	1786.79150391
30.5615100861	1785.79321289
30.5584812164	1784.9777832
30.556552887	1784.42041016
30.5550899506	1783.98950195
30.5550899506	1783.39929199
30.5507545471	1782.65979004
30.5468978882	1781.67248535
30.5449695587	1781.21105957
30.5433578491	1780.83581543
30.5402107239	1780.11694336
30.5377349854	1779.55761719
30.5355930328	1779.07653809
30.5332050323	1778.54101562
30.5308570862	1778.01513672
30.5276050568	1777.28881836
30.5252075195	1776.75415039
30.5231246948	1776.29101562
30.5206680298	1775.7454834
30.5183677673	1775.23974609
30.5153217316	1774.57641602
30.5127868652	1774.02294922
30.5109424591	1773.62133789
30.5086326599	1773.12231445
30.5066108704	1772.69226074
30.5066108704	1771.97033691
30.5007133484	1771.47265625
30.4983711243	1770.98950195
30.496465683	1770.59692383
30.4941501617	1770.12084961
30.4906921387	1769.40795898
30.4878559113	1768.82019043
30.4833068848	1767.95361328
30.4796733856	1767.33862305
30.4764671326	1766.71704102
30.474905014	1765.90527344
30.4763641357	1765.42041016
30.4763641357	1764.79736328
30.4900131226	1764.28796387
30.4900131226	1763.80249023
30.5106945038	1763.38232422
30.5233249664	1762.92456055
30.5425567627	1762.28405762
30.5603103638	1761.71032715
30.5733184814	1761.28686523
30.5877189636	1760.82385254
30.6025466919	1760.36608887
30.6249752045	1759.73510742
30.6436347961	1759.26586914
30.6665668488	1758.75378418
30.6893024445	1758.30725098
30.6893024445	1757.80932617
30.7562637329	1757.22631836
30.7891044617	1756.76757812
30.8235969543	1756.31933594
30.8561630249	1755.92285156
30.9013557434	1755.4083252
30.9013557434	1754.64013672
31.0265808105	1754.16418457
31.0776176453	1753.71643066
31.0776176453	1753.26953125
31.2220878601	1752.59204102
31.2931041718	1752.09741211
31.3543643951	1751.69763184
31.4461803436	1751.13525391
31.5763015747	1750.3939209
31.6753768921	1749.86499023
31.7588939667	1749.43383789
31.8467750549	1748.99169922
31.9610233307	1748.42895508
32.0574989319	1747.96252441
32.0574989319	1747.4519043
32.2532844543	1747.02905273
32.3391265869	1746.62304688
32.4990615845	1745.86914062
32.6749610901	1745.04272461
32.7599449158	1744.64367676
32.8940391541	1744.01428223
32.9825935364	1743.59814453
33.0665168762	1743.20153809
33.1532783508	1742.7902832
33.2451057434	1742.35595703
33.3663139343	1741.78747559
33.4656143188	1741.32861328
33.4656143188	1740.84594727
33.6674957275	1740.42529297
33.7579612732	1740.03479004
33.9198951721	1739.35876465
34.0366287231	1738.89294434
34.1338577271	1738.51660156
34.2488059998	1738.08618164
34.4252319336	1737.45263672
34.5445022583	1737.04345703
34.6605873108	1736.65795898
34.7695236206	1736.30664062
34.7695236206	1735.92895508
35.0640106201	1735.4050293
35.199180603	1735.01147461
35.3585700989	1734.56188965
35.4945793152	1734.19055176
35.6573486328	1733.75927734
35.9319076538	1733.06335449
35.9319076538	1732.59643555
36.2749252319	1732.24255371
36.4365234375	1731.86901855
36.6830787659	1731.31152344
36.6830787659	1730.88391113
37.2060852051	1730.17016602
37.3793945312	1729.80273438
37.3793945312	1729.13720703
37.6993141174	1729.13720703
37.8881759644	1728.75256348
38.056312561	1728.41552734
38.2534561157	1728.02709961
38.5602989197	1727.43688965
38.7657737732	1727.05224609
38.9589996338	1726.69799805
39.1536750793	1726.34838867
39.4217987061	1725.87744141
39.6698570251	1725.4510498
39.8874664307	1725.08178711
40.1301422119	1724.67358398
40.4769058228	1724.09619141
40.8394470215	1723.49963379
40.8394470215	1723.12573242
41.2858505249	1722.77770996
41.5860824585	1722.3013916
41.8020057678	1721.96484375
42.0197868347	1721.63061523
42.223739624	1721.32250977
42.437335968	1721.00488281
42.8433074951	1720.41210938
43.1063804626	1720.03356934
43.3192367554	1719.72924805
43.5205345154	1719.44238281
43.8813781738	1718.92871094
44.112285614	1718.60083008
44.5624351501	1717.96484375
44.8033370972	1717.62719727
45.1353683472	1717.16577148
45.3935241699	1716.81201172
45.3935241699	1716.46862793
45.8712120056	1716.16894531
45.8712120056	1715.81152344
46.5261764526	1715.31689453
46.7485618591	1715.03637695
46.9997711182	1714.72485352
47.2362823486	1714.43652344
47.4855194092	1714.13867188
47.9356384277	1713.61474609
48.1847190857	1713.33288574
48.4328536987	1713.05761719
48.6992340088	1712.76782227
49.0645866394	1712.37963867
49.2907981873	1712.14379883
49.535610199	1711.89245605
49.8387298584	1711.58666992
50.0619544983	1711.36499023
50.4513092041	1710.98535156
50.724899292	1710.72412109
50.724899292	1710.25622559
51.2278251648	1710.25622559
51.4813766479	1710.02624512
51.4813766479	1709.55407715
52.0152168274	1709.55407715
52.3055953979	1709.30444336
52.572883606	1709.07861328
52.9028244019	1708.80578613
53.3307723999	1708.45861816
53.5914344788	1708.25
53.8652458191	1708.03259277
54.1525993347	1707.80603027
54.4347763062	1707.58508301
54.853767395	1707.26025391
55.153968811	1707.0300293
55.4478302002	1706.80688477
55.7251968384	1706.59838867
55.9737472534	1706.41357422
56.3734779358	1706.12023926
56.6582069397	1705.91467285
56.9201011658	1705.7286377
57.2262802124	1705.51428223
57.4863319397	1705.33544922
57.9333343506	1705.03491211
58.2280769348	1704.84118652
58.7833251953	1704.48730469
59.0871276855	1704.29980469
59.5332984924	1704.03137207
60.1383361816	1703.6809082
60.7014160156	1703.36730957
61.2596130371	1703.06848145
61.9015312195	1702.74023438
62.4857139587	1702.4552002
62.8898010254	1702.26660156
63.1669158936	1702.14086914
63.8119888306	1701.86035156
64.3663101196	1701.63146973
64.8459701538	1701.44055176
65.4340515137	1701.21240234
65.9820175171	1701.00317383
66.5357513428	1700.79370117
66.8938140869	1700.65893555
67.4707946777	1700.44262695
67.7769317627	1700.328125
68.1982116699	1700.17028809
68.5118179321	1700.05236816
69.017868042	1699.86047363
69.3207321167	1699.7442627
69.7634735107	1699.57226562
70.3284378052	1699.34741211
70.6531829834	1699.21508789
70.9410171509	1699.09545898
71.3100662231	1698.93835449
71.6144256592	1698.80529785
71.9412536621	1698.65917969
72.4505310059	1698.42407227
72.8763122559	1698.22021484
73.4181060791	1697.95361328
73.6924362183	1697.81616211
74.3957061768	1697.45922852
74.8695983887	1697.21655273
75.4169158936	1696.93701172
75.7653884888	1696.76049805
76.3128356934	1696.48718262
76.8233947754	1696.23840332
77.4704284668	1695.93249512
78.2848892212	1695.55908203
78.9335098267	1695.26574707
79.2265777588	1695.13354492
79.5427246094	1694.99108887
80.5077362061	1694.55664062
81.0180587769	1694.3269043
81.295135498	1694.20239258
81.9416046143	1693.91137695
82.4791564941	1693.66967773
82.7803649902	1693.53417969
83.479850769	1693.21923828
83.7584838867	1693.09411621
84.2664871216	1692.86560059
85.0209579468	1692.52636719
85.3277893066	1692.38867188
85.6977157593	1692.22241211
86.4149780273	1691.89990234
86.9959335327	1691.63867188
87.2938079834	1691.50476074
88.0632400513	1691.15869141
88.4041442871	1691.00537109
88.9820785522	1690.7454834
89.482925415	1690.52075195
90.2568588257	1690.17407227
90.8689193726	1689.8984375
91.1809387207	1689.75634766
91.5065155029	1689.60656738
92.0030975342	1689.37475586
92.4554290771	1689.15808105
92.9488067627	1688.91442871
93.466545105	1688.64941406
93.859588623	1688.44189453
94.3573379517	1688.17321777
94.6299362183	1688.02392578
95.2228851318	1687.69580078
95.540184021	1687.51928711
95.8226089478	1687.36181641
96.3611526489	1687.06079102
96.8287200928	1686.79833984
97.097038269	1686.64685059
97.3785629272	1686.48681641
97.6467514038	1686.33325195
98.3046188354	1685.95092773
98.5832138062	1685.78588867
98.9130249023	1685.58740234
99.4340057373	1685.26794434
99.9065551758	1684.97241211
100.161888123	1684.81079102
100.608314514	1684.52624512
100.870300293	1684.35778809
101.280654907	1684.0904541
101.615867615	1683.86938477
102.131118774	1683.52294922
102.774650574	1683.07641602
103.03943634	1682.88916016
103.288009644	1682.7130127
103.55166626	1682.52563477
104.139663696	1682.10510254
104.398742676	1681.91784668
104.920562744	1681.5378418
105.560424805	1681.06884766
106.045211792	1680.71276855
106.322845459	1680.50866699
106.93144989	1680.05944824
107.255302429	1679.81872559
107.524589539	1679.61743164
107.773895264	1679.43078613
108.079368591	1679.20117188
108.516113281	1678.87109375
109.009284973	1678.49462891
109.296073914	1678.27404785
109.540344238	1678.08508301
109.902893066	1677.80249023
110.134368896	1677.4432373
110.560112	1677.28491211
110.770088196	1676.56237793
111.461090088	1676.56237793
111.777076721	1676.3034668
112.227859497	1675.92724609
112.455513	1675.45471191
112.778793335	1675.45471191
113.034477234	1675.22949219
113.286148071	1675.00366211
113.517402649	1674.79211426
113.783706665	1674.5435791
114.091079712	1674.24890137
114.359100342	1673.9855957
114.587631226	1673.75585938
115.046081543	1673.28063965
115.431983948	1672.86767578
115.866035461	1672.3918457
116.319831848	1671.88208008
116.682388306	1671.46411133
117.261322021	1670.77429199
117.478027344	1670.50952148
117.742988586	1670.18200684
117.961830139	1669.90795898
118.141677856	1669.45043945
118.322624207	1668.86157227
118.777366638	1668.86157227
118.982284546	1668.59094238
119.208999634	1668.28710938
119.539329529	1667.83447266
119.822273254	1667.4362793
120.009414673	1667.16650391
120.160095215	1666.6640625
120.347717285	1666.4284668
120.785568237	1665.9798584
120.951286316	1665.70947266
121.268875122	1665.17211914
121.437545776	1664.8762207
121.661827087	1664.47314453
121.826141357	1664.17199707
122.131332397	1663.60437012
122.296356201	1663.29541016
122.500915527	1662.91149902
122.65813446	1662.61523438
122.65813446	1662.31152344
122.950920105	1662.05786133
123.308509827	1661.36242676
123.451705933	1661.08044434
123.599227905	1660.78869629
123.842887878	1660.30566406
123.842887878	1659.9185791
124.163444519	1659.66992188
124.303405762	1659.39245605
124.438720703	1659.12402344
124.755111694	1658.49633789
124.894210815	1658.22058105
125.073875427	1657.8638916
125.264938354	1657.48522949
125.510658264	1656.99938965
125.769180298	1656.48791504
125.959320068	1656.11083984
125.959320068	1655.66442871
126.316116333	1655.39526367
126.58744812	1654.83544922
126.721466064	1654.55236816
126.935333252	1654.09277344
127.184814453	1653.5480957
127.310043335	1653.27246094
127.434425354	1652.99658203
127.434425354	1652.50964355
127.784408569	1652.20214844
127.903549194	1651.92419434
128.213516235	1651.18554688
128.33706665	1650.88720703
128.458816528	1650.59240723
128.6927948	1650.02575684
128.878051758	1649.57775879
128.993927002	1649.29711914
129.11831665	1648.99536133
129.11831665	1648.48364258
129.509109497	1648.03625488
129.749740601	1647.42858887
129.866470337	1647.12695312
130.026229858	1646.70483398
130.146453857	1646.37768555
130.354644775	1645.78881836
130.482376099	1645.41088867
130.577560425	1645.11914062
130.671218872	1644.82141113
130.758346558	1644.53344727
130.844985962	1644.23449707
130.959594727	1643.8170166
131.040466309	1643.50561523
131.115447998	1643.20458984
131.254745483	1642.62426758
131.366973877	1642.14807129
131.494400024	1641.60668945
131.658035278	1640.91430664
131.727478027	1640.62097168
131.851501465	1640.09655762
131.929733276	1639.76550293
132.051696777	1639.2487793
132.166030884	1638.76293945
132.244354248	1638.42956543
132.342849731	1638.00976562
132.448516846	1637.55859375
132.540267944	1637.16625977
132.634979248	1636.75891113
132.739517212	1636.24841309
132.796859741	1635.89331055
132.821121216	1635.40527344
132.87651062	1635.04663086
132.887878418	1634.71264648
132.890975952	1634.32128906
132.887405396	1633.97998047
132.877670288	1633.56542969
132.863494873	1633.07373047
132.859466553	1632.68115234
132.845703125	1632.32641602
132.84161377	1632.00708008
132.841003418	1631.54443359
132.848098755	1631.22668457
132.862030029	1630.7890625
132.882919312	1630.30859375
132.902832031	1629.89038086
132.924758911	1629.4251709
132.941696167	1629.06274414
132.963012695	1628.60412598
132.981689453	1628.20166016
132.988311768	1627.89685059
133.003036499	1627.55761719
133.027297974	1627.21655273
133.053955078	1626.63867188
133.068115234	1626.33032227
133.082977295	1626.00610352
133.097427368	1625.69165039
133.118240356	1625.234375
133.133453369	1624.9074707
133.15776062	1624.39355469
133.178207397	1623.94067383
133.193664551	1623.55810547
133.20463562	1623.22998047
133.216705322	1622.6887207
133.219009399	1622.22705078
133.214416504	1621.86450195
133.201339722	1621.44995117
133.182388306	1621.0925293
133.160400391	1620.79003906
133.111831665	1620.30065918
133.071929932	1619.99462891
133.023376465	1619.68408203
132.961608887	1619.35180664
132.902633667	1618.95263672
132.792572021	1618.64892578
132.674560547	1618.26171875
132.565841675	1617.95361328
132.417327881	1617.58862305
132.267211914	1617.26904297
132.112854004	1616.97888184
131.977981567	1616.54968262
131.653884888	1616.2767334
131.411499023	1615.97875977
131.137741089	1615.68518066
130.824966431	1615.38977051
130.547515869	1615.15283203
130.281402588	1614.94372559
129.954666138	1614.7088623
129.634429932	1614.49975586
129.370010376	1614.34094238
128.912719727	1614.09191895
128.632781982	1613.95324707
128.311584473	1613.80639648
127.922241211	1613.64465332
127.613418579	1613.52868652
127.172943115	1613.38208008
126.79334259	1613.2713623
126.426750183	1613.17712402
125.96950531	1613.0760498
125.578079224	1613.00463867
125.086662292	1612.93469238
124.703582764	1612.89440918
124.312004089	1612.86767578
123.972396851	1612.85583496
123.587028503	1612.8548584
123.174110413	1612.86877441
122.829437256	1612.88964844
122.475311279	1612.9161377
122.099594116	1612.94799805
121.576164246	1612.99365234
121.15637207	1613.02783203
120.770477295	1613.05456543
120.462768555	1613.07177734
119.9923172	1613.09130859
119.624580383	1613.10107422
119.311286926	1613.10668945
118.692626953	1613.11352539
118.167060852	1613.11962891
117.783447266	1613.12121582
117.398742676	1613.11694336
117.069396973	1613.10900879
116.649711609	1613.09313965
116.212142944	1613.07299805
115.698638916	1613.046875
115.144134521	1613.01513672
114.838973999	1612.99584961
114.372955322	1612.96459961
113.937316895	1612.93310547
113.551544189	1612.90429688
113.080184937	1612.86791992
112.77835083	1612.84423828
112.209899902	1612.79907227
111.47215271	1612.73986816
110.900512695	1612.69384766
110.072891235	1612.62719727
109.389289856	1612.57226562
108.882965088	1612.53100586
108.253364563	1612.47924805
107.873199463	1612.44824219
107.336387634	1612.40600586
106.714904785	1612.35974121
106.21685791	1612.32336426
105.701980591	1612.28588867
105.08139801	1612.24072266
104.70993042	1612.21350098
104.195884705	1612.17614746
103.451705933	1612.12182617
103.108306885	1612.09667969
102.554962158	1612.05603027
102.042144775	1612.01831055
101.321731567	1611.96630859
100.722915649	1611.92407227
100.41934967	1611.90258789
99.7714080811	1611.85717773
98.9445419312	1611.79907227
98.2763748169	1611.75219727
97.9532318115	1611.72961426
97.4637832642	1611.69519043
96.7533416748	1611.64550781
96.236656189	1611.609375
95.690322876	1611.57116699
95.3224334717	1611.54541016
94.8376617432	1611.51159668
94.2869491577	1611.47302246
93.9146118164	1611.4473877
93.3898468018	1611.41174316
92.8628387451	1611.37524414
92.4049987793	1611.34191895
91.893913269	1611.30175781
91.3806762695	1611.25732422
90.9990615845	1611.22131348
90.1733169556	1611.13110352
89.5700073242	1611.05371094
89.2608795166	1611.00964355
88.7097625732	1610.92297363
88.1048126221	1610.81445312
87.5732269287	1610.70605469
87.0904693604	1610.59655762
86.6250305176	1610.48071289
86.1425933838	1610.35070801
85.6971359253	1610.22192383
85.3043365479	1610.10266113
84.8629226685	1609.96435547
84.417930603	1609.82226562
84.0611724854	1609.70739746
83.6322555542	1609.56884766
83.1535949707	1609.41430664
82.8070678711	1609.30249023
82.5119400024	1609.20727539
82.0399169922	1609.05358887
81.7810058594	1608.86499023
81.4703063965	1608.86499023
81.027053833	1608.71472168
80.5926208496	1608.56323242
80.0103530884	1608.35205078
79.5567474365	1608.17944336
79.1233978271	1608.00732422
78.7347564697	1607.84594727
78.2801513672	1607.64770508
77.8893737793	1607.46850586
77.5981674194	1607.3293457
77.202507019	1607.1315918
76.7743682861	1606.90588379
76.4461364746	1606.72338867
76.0882415771	1606.515625
75.742980957	1606.30432129
75.2931976318	1606.01379395
74.929397583	1605.76489258
74.5740661621	1605.5090332
74.3050231934	1605.30664062
73.9895019531	1605.05908203
73.6550598145	1604.7833252
73.4048233032	1604.56787109
73.0766067505	1604.27270508
72.7570266724	1603.97070312
72.5110397339	1603.72753906
72.1965560913	1603.40258789
71.8725967407	1603.04943848
71.6264953613	1602.76708984
71.3753509521	1602.46582031
71.1497650146	1602.18225098
70.9415206909	1601.90917969
70.7193527222	1601.59887695
70.50365448	1601.25866699
70.2798233032	1600.86462402
70.1057510376	1600.52380371
69.912437439	1600.0859375
69.7677307129	1599.67272949
69.6549530029	1599.29711914
69.5766525269	1598.99365234
69.4744491577	1598.50866699
69.4219360352	1598.18457031
69.3826522827	1597.86669922
69.3613586426	1597.35449219
69.3386688232	1596.859375
69.3498306274	1596.50024414
69.374130249	1596.15380859
69.4491577148	1595.54272461
69.5059509277	1595.21313477
69.59740448	1594.78161621
69.6854476929	1594.43310547
69.8098831177	1594.00708008
69.9250183105	1593.65625
70.0618591309	1593.27453613
70.0618591309	1592.9432373
70.4245681763	1592.35498047
70.6157913208	1591.88818359
70.7820281982	1591.48034668
70.9452819824	1591.07324219
71.0846633911	1590.71875
71.2361068726	1590.32434082
71.3817596436	1589.93469238
71.5028839111	1589.59936523
71.5862884521	1589.11645508
71.9114761353	1588.3807373
72.0036697388	1588.07885742
72.1319885254	1587.63500977
72.2486419678	1587.19848633
72.3266448975	1586.88256836
72.4431838989	1586.3548584
72.5194168091	1585.95898438
72.5843658447	1585.57543945
72.6758499146	1584.92102051
72.7359466553	1584.34033203
72.7669448853	1583.92590332
72.7911987305	1583.43823242
72.8005065918	1583.11340332
72.8044586182	1582.60168457
72.7877349854	1581.828125
72.7652740479	1581.33447266
72.7351989746	1580.8371582
72.7095031738	1580.46826172
72.6709289551	1579.94897461
72.6360168457	1579.48937988
72.6054382324	1579.08825684
72.5676651001	1578.59216309
72.5117263794	1577.85705566
72.4949645996	1577.18823242
72.4257965088	1576.72900391
72.397857666	1576.36242676
72.3653793335	1575.93603516
72.3290634155	1575.45959473
72.3030548096	1575.1184082
72.2723312378	1574.71435547
72.2235717773	1574.06506348
72.1976699829	1573.72167969
72.1648178101	1573.29711914
72.1302032471	1572.87133789
72.1098937988	1572.2532959
72.0291290283	1571.75427246
71.9986724854	1571.45068359
71.9420471191	1570.9317627
71.8509902954	1570.20324707
71.7569274902	1569.53979492
71.6698455811	1568.96630859
71.6216278076	1568.6574707
71.5140533447	1567.98461914
71.4609069824	1567.65795898
71.3811950684	1567.171875
71.2784576416	1566.54992676
71.2246322632	1566.22583008
71.1284408569	1565.6472168
71.0110244751	1564.93139648
70.9116516113	1564.30456543
70.8290100098	1563.76196289
70.7551956177	1563.24963379
70.708656311	1562.90893555
70.6679153442	1562.59619141
70.6237030029	1562.23547363
70.5709915161	1561.77148438
70.5709915161	1561.44433594
70.5072555542	1561.1418457
70.4756851196	1560.79272461
70.4172821045	1560.05578613
70.3743667603	1559.4119873
70.3389053345	1558.81848145
70.3389053345	1558.36804199
70.2950973511	1558.01733398
70.2751235962	1557.6295166
70.2247314453	1556.60058594
70.2096862793	1556.28234863
70.1758499146	1555.54858398
70.1600418091	1555.19824219
70.1374511719	1554.69384766
70.1205062866	1554.3145752
70.1032562256	1553.92468262
70.0844421387	1553.50427246
70.0678253174	1553.13183594
70.042137146	1552.55285645
70.0118255615	1551.8651123
69.9947280884	1551.48156738
69.9947280884	1551.15783691
69.9563369751	1550.63232422
69.9406661987	1550.27648926
69.9117507935	1549.54309082
69.8827514648	1548.68432617
69.8827514648	1547.96313477
69.8486938477	1547.58911133
69.8375854492	1547.22387695
69.8234710693	1546.75817871
69.811416626	1546.359375
69.8016738892	1546.03662109
69.8016738892	1545.65270996
69.7804260254	1545.33178711
69.7675170898	1544.9029541
69.7551651001	1544.49243164
69.7460479736	1544.18969727
69.7460479736	1543.86230469
69.7266693115	1543.54541016
69.7004852295	1542.67431641
69.6876144409	1542.24572754
69.676940918	1541.88977051
69.6657028198	1541.51513672
69.654800415	1541.15185547
69.6399078369	1540.65551758
69.6295394897	1540.30957031
69.6176681519	1539.91369629
69.6076812744	1539.58056641
69.5953979492	1539.17590332
69.575920105	1538.55322266
69.5646743774	1538.19042969
69.5533065796	1537.81396484
69.5428009033	1537.44836426
69.5214233398	1536.53833008
69.5214233398	1536.14038086
69.5102386475	1535.75439453
69.5067214966	1535.3347168
69.5045623779	1534.94702148
69.5045623779	1534.38000488
69.5021820068	1534.02355957
69.501953125	1533.69628906
69.501991272	1533.33630371
69.5022735596	1532.9621582
69.503036499	1532.37365723
69.5042648315	1531.6484375
69.5051879883	1531.24572754
69.5079650879	1530.38500977
69.5108184814	1529.72509766
69.5108184814	1529.30578613
69.5151367188	1528.87719727
69.5177001953	1528.39624023
69.5196151733	1528.0402832
69.521522522	1527.68286133
69.5240325928	1527.22680664
69.5258636475	1526.88000488
69.5285491943	1526.38525391
69.5313415527	1525.89733887
69.533531189	1525.52416992
69.5355987549	1525.17773438
69.5380020142	1524.77648926
69.5417175293	1524.1595459
69.5486907959	1523.01062012
69.5486907959	1522.19812012
69.5563812256	1521.74816895
69.5586395264	1521.37866211
69.5610961914	1520.9777832
69.563583374	1520.56994629
69.5677185059	1519.88696289
69.5718307495	1519.16162109
69.5744400024	1518.72399902
69.5768127441	1518.35693359
69.5806732178	1517.76757812
69.5834655762	1517.33886719
69.5859832764	1516.94018555
69.5859832764	1516.17895508
69.5945053101	1515.5090332
69.5971450806	1515.06530762
69.5998840332	1514.6126709
69.6021881104	1514.23168945
69.6041793823	1513.88989258
69.6075286865	1513.31079102
69.6101074219	1512.89538574
69.6126251221	1512.49963379
69.6153945923	1512.07043457
69.6182022095	1511.6394043
69.622215271	1511.03027344
69.6248626709	1510.63879395
69.6278076172	1510.20544434
69.6307525635	1509.76916504
69.6307525635	1509.32861328
69.6379318237	1508.67590332
69.6412353516	1508.19030762
69.6441650391	1507.73181152
69.6441650391	1507.2442627
69.6503295898	1506.78417969
69.6550521851	1506.05541992
69.6608657837	1505.1463623
69.6660919189	1504.33947754
69.6703186035	1503.68725586
69.6732788086	1503.21118164
69.6755981445	1502.79772949
69.6782455444	1502.31518555
69.6857757568	1501.25756836
69.6911468506	1500.71142578
69.6969680786	1500.21777344
69.7036743164	1499.72595215
69.7115402222	1499.20629883
69.724647522	1498.40893555
69.7322158813	1497.9744873
69.7524337769	1496.86828613
69.766418457	1496.12548828
69.7737884521	1495.73876953
69.7826919556	1495.2746582
69.7911605835	1494.8347168
69.8010253906	1494.32299805
69.8148803711	1493.60510254
69.8229370117	1493.18798828
69.8316802979	1492.73364258
69.8426513672	1492.16650391
69.8505096436	1491.76037598
69.8621520996	1491.15856934
69.8736953735	1490.56396484
69.881942749	1490.14147949
69.8922195435	1489.61645508
69.9021759033	1489.10522461
69.9152755737	1488.42675781
69.9251785278	1487.91064453
69.9330215454	1487.5
69.9413833618	1487.05932617
69.9528274536	1486.44921875
69.9679641724	1485.64648438
69.9778442383	1485.12817383
69.9947052002	1484.25292969
70.0036239624	1483.78869629
70.018081665	1483.05310059
70.0379104614	1482.03344727
70.048866272	1481.44702148
70.048866272	1481.02319336
70.0704269409	1480.31555176
70.0704269409	1479.79602051
70.0892868042	1479.3112793
70.0998306274	1478.75341797
70.1085128784	1478.29418945
70.1241149902	1477.46984863
70.1421279907	1476.52209473
70.1522827148	1475.98999023
70.1621551514	1475.47460938
70.1749725342	1474.80664062
70.1852645874	1474.27270508
70.1952590942	1473.73571777
70.2044219971	1473.22851562
70.2044219971	1471.94067383
70.2530517578	1471.03771973
70.2650909424	1470.5982666
70.2812271118	1470.03942871
70.3019256592	1469.34619141
70.3300628662	1468.42504883
70.3460998535	1467.90649414
70.3593139648	1467.48034668
70.3785171509	1466.86364746
70.4078216553	1465.92346191
70.4249343872	1465.375
70.4390945435	1464.92138672
70.459526062	1464.26647949
70.4740753174	1463.80029297
70.4740753174	1462.7557373
70.5219192505	1462.26708984
70.5423049927	1461.61474609
70.5578613281	1461.11767578
70.5716781616	1460.68334961
70.5863647461	1460.22814941
70.5863647461	1459.65783691
70.6048278809	1459.01171875
70.6428070068	1458.41186523
70.6546707153	1457.94775391
70.6641387939	1457.5255127
70.6722259521	1457.11865234
70.686706543	1456.25341797
70.6995697021	1455.35522461
70.7072753906	1454.79797363
70.7124633789	1454.39160156
70.7197723389	1453.73950195
70.7277832031	1452.86547852
70.7316589355	1452.38439941
70.7349700928	1451.94995117
70.7349700928	1451.27526855
70.7434768677	1450.77661133
70.7500152588	1449.83813477
70.7573699951	1448.76489258
70.7637557983	1447.87609863
70.7674560547	1447.39892578
70.7706985474	1446.98120117
70.7746353149	1446.40795898
70.7746353149	1445.79724121
70.7760620117	1444.81213379
70.7733306885	1444.32446289
70.7685165405	1443.70214844
70.7640914917	1443.22888184
70.760269165	1442.85058594
70.7554016113	1442.38928223
70.7511062622	1441.9954834
70.7381820679	1440.85534668
70.7283477783	1440.01782227
70.7211151123	1439.41027832
70.7080535889	1438.33117676
70.6975097656	1437.47460938
70.6920089722	1437.03027344
70.6870574951	1436.63012695
70.6822433472	1436.23901367
70.675491333	1435.6895752
70.6708374023	1435.31335449
70.6708374023	1434.89794922
70.658782959	1434.34301758
70.652961731	1433.87329102
70.6445770264	1433.19775391
70.6345596313	1432.39013672
70.6295089722	1431.98632812
70.6238479614	1431.5291748
70.6149368286	1430.82470703
70.6044540405	1430.02172852
70.5974197388	1429.48266602
70.5915985107	1429.03686523
70.5915985107	1428.49389648
70.5775756836	1427.94921875
70.5725479126	1427.55664062
70.5675582886	1427.16577148
70.5624313354	1426.76123047
70.5533065796	1426.03747559
70.5400924683	1424.98535156
70.5340423584	1424.52099609
70.5283813477	1424.09057617
70.5232391357	1423.70214844
70.5192184448	1423.40063477
70.5142440796	1423.03588867
70.5100097656	1422.72583008
70.503364563	1422.2364502
70.4944458008	1421.57006836
70.4887466431	1421.13220215
70.4844055176	1420.78808594
70.4782104492	1420.28417969
70.4673461914	1419.36291504
70.4673461914	1418.94873047
70.4563446045	1418.47387695
70.4507598877	1418.05566406
70.4453735352	1417.63110352
70.4391555786	1417.01074219
70.4370040894	1416.66784668
70.4362335205	1416.34814453
70.4364471436	1415.98950195
70.4376449585	1415.6307373
70.4413452148	1415.02087402
70.4441833496	1414.66381836
70.4474716187	1414.2890625
70.4518127441	1413.80981445
70.4555206299	1413.42419434
70.4612579346	1412.82299805
70.4649124146	1412.43249512
70.4684448242	1412.0534668
70.4684448242	1411.71044922
70.4756088257	1411.25366211
70.4793014526	1410.81152344
70.4818115234	1410.50854492
70.4850921631	1410.09753418
70.4879150391	1409.71594238
70.4906387329	1409.33618164
70.4942321777	1408.83227539
70.4965896606	1408.47717285
70.5003814697	1407.79736328
70.5020828247	1407.48999023
70.5047225952	1407.03674316
70.508430481	1406.46374512
70.5125656128	1405.88476562
70.5194396973	1404.98388672
70.5227584839	1404.59130859
70.5227584839	1403.98974609
70.5325698853	1403.33032227
70.5348968506	1403.02856445
70.5390319824	1402.39550781
70.544670105	1401.67456055
70.5517272949	1400.83789062
70.5540771484	1400.51403809
70.5563583374	1400.11560059
70.5586090088	1399.61975098
70.5608444214	1399.08374023
70.5626296997	1398.71923828
70.5657196045	1398.25512695
70.5696105957	1397.75976562
70.5726470947	1397.40441895
70.5766372681	1396.95117188
70.5802764893	1396.52624512
70.5852508545	1395.91833496
70.5892715454	1395.46813965
70.5942993164	1394.94116211
70.5979766846	1394.56811523
70.6026992798	1394.09301758
70.6069564819	1393.64147949
70.6093444824	1393.0657959
70.6175079346	1392.38134766
70.6214599609	1392.06530762
70.6311645508	1391.56152344
70.6433792114	1391.14038086
70.6565856934	1390.78662109
70.6766662598	1390.32714844
70.7111053467	1389.60876465
70.7341842651	1389.12524414
70.7551574707	1388.67749023
70.7695617676	1388.37426758
70.7808837891	1387.90393066
70.8388290405	1387.10925293
70.8655014038	1386.7199707
70.8824005127	1386.32189941
70.9430847168	1385.79492188
70.9954147339	1385.29760742
71.0313415527	1384.99853516
71.1103820801	1384.43164062
71.1878128052	1383.95898438
71.2741546631	1383.49560547
71.3768005371	1383.00024414
71.4799194336	1382.53747559
71.5918273926	1382.05883789
71.6943817139	1381.63586426
71.8059768677	1381.19274902
71.8881072998	1380.87902832
71.9979858398	1380.47460938
72.0493469238	1380.10144043
72.2288894653	1379.68566895
72.3392410278	1379.33703613
72.4631576538	1378.96582031
72.5780258179	1378.63916016
72.741027832	1378.20336914
72.823928833	1377.82104492
73.1008911133	1377.33837891
73.2590866089	1376.99487305
73.4062728882	1376.69165039
73.5461959839	1376.41882324
73.6281509399	1376.08496094
73.9214630127	1375.7442627
74.1525650024	1375.36682129
74.3601074219	1375.0480957
74.5532836914	1374.76708984
74.734664917	1374.51538086
74.9624862671	1374.21520996
75.1840133667	1373.93920898
75.3824615479	1373.70532227
75.6737518311	1373.38183594
75.9010620117	1373.1451416
76.2036743164	1372.84875488
76.4714202881	1372.60266113
76.8375854492	1372.28808594
77.0769042969	1372.09643555
77.3530883789	1371.88745117
77.7064590454	1371.63818359
77.9867401123	1371.45288086
78.3293609619	1371.23974609
78.8278274536	1370.95092773
79.1017303467	1370.80224609
79.4134368896	1370.6418457
79.6944274902	1370.50512695
79.9898223877	1370.36962891
80.3733825684	1370.20373535
80.9958267212	1369.95727539
81.4194641113	1369.80444336
81.7382202148	1369.69726562
82.1070098877	1369.58227539
82.6039962769	1369.44274902
82.9761047363	1369.35107422
83.4775390625	1369.24243164
83.8517379761	1369.17077637
84.4056549072	1369.07727051
84.7270202637	1369.02832031
85.116104126	1368.97290039
85.4400558472	1368.92895508
86.0745544434	1368.84765625
86.420715332	1368.8046875
86.7940216064	1368.75854492
87.3012161255	1368.69580078
87.7125396729	1368.64526367
88.1176605225	1368.59619141
88.629699707	1368.53308105
89.0764312744	1368.47741699
89.6826705933	1368.40393066
90.0623245239	1368.36047363
90.4767608643	1368.31567383
90.9795532227	1368.26367188
91.4429321289	1368.21679688
91.9354553223	1368.16711426
92.2484970093	1368.13525391
92.6667633057	1368.09277344
93.2604522705	1368.03198242
93.5635147095	1368.00073242
93.9778442383	1367.95788574
94.6379165649	1367.89013672
94.947845459	1367.85949707
95.3802719116	1367.81921387
95.7397766113	1367.78857422
96.2669448853	1367.74902344
96.6658172607	1367.72216797
97.0387268066	1367.69836426
97.498916626	1367.66967773
97.9529266357	1367.64208984
98.3699569702	1367.61657715
98.7030334473	1367.59619141
99.1498718262	1367.56848145
99.5457305908	1367.54406738
100.10395813	1367.5090332
100.532829285	1367.48168945
100.949958801	1367.45507812
101.303955078	1367.43286133
101.708129883	1367.40917969
102.10975647	1367.38903809
102.414337158	1367.37585449
102.903793335	1367.35766602
103.382202148	1367.34155273
103.924369812	1367.32373047
104.372337341	1367.30859375
104.782432556	1367.29504395
105.296340942	1367.28063965
105.727798462	1367.27038574
106.160812378	1367.26074219
106.512741089	1367.25292969
106.876846313	1367.24499512
107.245315552	1367.23657227
107.80519104	1367.22314453
108.202102661	1367.21386719
108.639404297	1367.20495605
108.96282959	1367.19995117
109.36328125	1367.19702148
109.804931641	1367.19799805
110.250823975	1367.20239258
110.586143494	1367.2064209
110.964500427	1367.2109375
111.411933899	1367.21630859
111.873046875	1367.22216797
112.296234131	1367.22753906
112.612762451	1367.23156738
112.918159485	1367.2355957
113.323356628	1367.24133301
113.87336731	1367.24926758
114.24067688	1367.25378418
114.562835693	1367.25500488
114.866027832	1367.25292969
115.384124756	1367.24108887
115.897163391	1367.21728516
116.315429688	1367.18701172
116.653396606	1367.15600586
116.961799622	1367.12341309
117.328971863	1367.07971191
117.823165894	1367.01513672
118.270339966	1366.95422363
118.631515503	1366.9050293
119.098602295	1366.84130859
119.439956665	1366.79370117
119.884719849	1366.72912598
120.274185181	1366.66845703
120.695877075	1366.5970459
121.018493652	1366.53735352
121.426528931	1366.45471191
121.752677917	1366.38146973
122.164962769	1366.27880859
122.506309509	1366.18395996
122.923736572	1366.05371094
123.299507141	1365.92138672
123.652511597	1365.7824707
123.971969604	1365.64282227
124.252059937	1365.50793457
124.655456543	1365.2911377
125.009735107	1365.07470703
125.364959717	1364.83044434
125.634498596	1364.62744141
125.884773254	1364.42297363
126.16784668	1364.16943359
126.498649597	1363.83959961
126.789634705	1363.51672363
127.016082764	1363.23950195
127.208267212	1362.98583984
127.38633728	1362.73327637
127.690216064	1362.25976562
127.992782593	1361.72839355
128.216400146	1361.28540039
128.367401123	1360.95654297
128.609283447	1360.36682129
128.737991333	1360.01367188
128.835922241	1359.71911621
128.835922241	1359.37255859
129.050338745	1358.96875
129.167114258	1358.46862793
129.244567871	1358.07763672
129.326644897	1357.57946777
129.390014648	1357.07714844
129.425384521	1356.68798828
129.445785522	1356.37670898
129.462615967	1355.9498291
129.468261719	1355.54223633
129.468032837	1355.22302246
129.465286255	1354.73217773
129.445922852	1354.03271484
129.432769775	1353.56445312
129.420303345	1353.12438965
129.4037323	1352.51574707
129.390762329	1352.02783203
129.382171631	1351.71069336
129.371902466	1351.34094238
129.358154297	1350.83728027
129.344238281	1350.32324219
129.332458496	1349.89819336
129.317993164	1349.41369629
129.307312012	1349.07629395
129.284393311	1348.44311523
129.271713257	1348.14123535
129.244674683	1347.58496094
129.227935791	1347.2833252
129.203659058	1346.89416504
129.183822632	1346.29101562
129.111618042	1345.75427246
129.07699585	1345.40551758
129.041290283	1345.0723877
129.00567627	1344.76135254
128.934875488	1344.19616699
128.877792358	1343.7722168
128.79309082	1343.16955566
128.703933716	1342.55297852
128.636550903	1342.09667969
128.555664062	1341.55737305
128.505111694	1341.22460938
128.451309204	1340.87646484
128.451309204	1340.40307617
128.316864014	1340.03662109
128.261383057	1339.70532227
128.206771851	1339.39172363
128.150909424	1339.07971191
128.078796387	1338.68981934
128.007446289	1338.31555176
127.882095337	1337.67651367
127.796363831	1337.25048828
127.698043823	1336.76879883
127.586456299	1336.2253418
127.515518188	1335.88232422
127.433227539	1335.48608398
127.32762146	1334.98144531
127.32762146	1334.63574219
127.124229431	1334.03369141
127.043785095	1333.66906738
126.933113098	1333.17895508
126.849472046	1332.81933594
126.692840576	1332.17297363
126.608093262	1331.83557129
126.470275879	1331.30126953
126.288223267	1330.61657715
126.174209595	1330.1953125
125.978256226	1329.47802734
125.873001099	1329.09436035
125.777404785	1328.74597168
125.674880981	1328.37231445
125.554588318	1327.93408203
125.431602478	1327.48779297
125.332565308	1327.13085938
125.219604492	1326.72827148
125.061958313	1326.17626953
124.947349548	1325.78430176
124.859466553	1325.48828125
124.674468994	1324.87548828
124.580108643	1324.56665039
124.351974487	1323.82543945
124.255355835	1323.51269531
124.146438599	1323.16064453
124.028694153	1322.78051758
123.757766724	1321.90881348
123.620506287	1321.46765137
123.519248962	1321.14208984
123.412216187	1320.79760742
123.315032959	1320.48388672
123.211265564	1320.14831543
123.062286377	1319.66601562
122.835662842	1318.93481445
122.65196228	1318.34753418
122.452941895	1317.72167969
122.328369141	1317.33752441
122.231414795	1317.04309082
122.120185852	1316.71105957
121.967918396	1316.26660156
121.841056824	1315.90551758
121.735923767	1315.61328125
121.515426636	1315.02185059
121.320541382	1314.52246094
121.059692383	1313.88427734
120.924179077	1313.56494141
120.783454895	1313.24072266
120.602264404	1312.8314209
120.458908081	1312.51342773
120.306312561	1312.17822266
120.162155151	1311.86352539
119.83253479	1311.1484375
119.674377441	1310.80712891
119.393989563	1310.20324707
119.107452393	1309.58728027
118.876312256	1309.09179688
118.629669189	1308.56396484
118.467323303	1308.21704102
118.253578186	1307.76074219
118.033607483	1307.29064941
117.770751953	1306.72998047
117.432197571	1306.01220703
117.151985168	1305.41967773
116.965888977	1305.02636719
116.828781128	1304.73583984
116.743103027	1304.24450684
116.417556763	1303.86608887
116.213821411	1303.43713379
115.91178894	1302.79248047
115.714546204	1302.36889648
115.57674408	1302.07678223
115.420249939	1301.75366211
115.245147705	1301.40441895
115.037506104	1301.00708008
114.854347229	1300.67028809
114.685424805	1300.36730957
114.464256287	1299.97827148
114.288299561	1299.67529297
114.055252075	1299.28308105
113.840782166	1298.93334961
113.61164856	1298.57348633
113.353088379	1298.18444824
113.135017395	1297.86962891
112.901473999	1297.54345703
112.688568115	1297.25366211
112.482650757	1296.97827148
112.223327637	1296.6340332
112.022003174	1296.36743164
111.763877869	1296.02636719
111.561187744	1295.7611084
111.342094421	1295.47888184
111.16481781	1295.12719727
110.836090088	1294.83850098
110.608283997	1294.55151367
110.387939453	1294.27392578
110.061172485	1293.86181641
109.830329895	1293.57055664
109.636665344	1293.32641602
109.367294312	1292.98706055
109.107421875	1292.65966797
108.84274292	1292.3260498
108.561943054	1291.97216797
108.239471436	1291.56591797
107.917518616	1291.16027832
107.738983154	1290.71899414
107.427696228	1290.54321289
107.22983551	1290.29382324
106.90675354	1289.8873291
106.637718201	1289.54931641
106.386940002	1289.2331543
106.131774902	1288.90734863
105.930656433	1288.64550781
105.693145752	1288.32788086
105.530944824	1287.94677734
105.231307983	1287.69213867
104.962402344	1287.31896973
104.802261353	1286.99194336
104.520858765	1286.70776367
104.305007935	1286.41015625
104.094467163	1286.11877441
103.852722168	1285.78088379
103.599975586	1285.41967773
103.403388977	1285.13085938
103.215377808	1284.84802246
102.942321777	1284.4329834
102.762634277	1284.16040039
102.583480835	1283.8885498
102.333007812	1283.50512695
102.128234863	1283.1842041
101.880508423	1282.78308105
101.612792969	1282.33898926
101.423271179	1282.02429199
101.234146118	1281.71240234
101.115447998	1281.37390137
100.840652466	1281.07250977
100.681182861	1280.78662109
100.51008606	1280.5201416
100.322624207	1280.21923828
